0	1.0347649543858952
1	1.0183034818166807
2	1.020240129496752
3	1.0180650539156733
4	1.03662178944831
5	1.021708923642766
6	1.0231394653185493
7	1.0155745156122455
8	1.011455839052117
9	1.0091885093905206
10	1.02229679266376
11	1.021482471525261
12	1.0203171650151546
13	1.021239248021233
14	1.013879353214722
15	1.0214359162837745
16	1.0221763938498416
17	1.0198761033003154
18	1.0518674604405938
19	1.0272662487133122
20	1.020283674512781
21	1.0203784853692752
22	1.0202776696544582
23	1.044012169959452
24	1.0221607109158348
25	1.0113991834664584
26	1.0315215071666435
27	1.018175361369318
28	1.038038588260614
29	1.0221962185907363
30	1.0126106609174657
31	1.0587970079978493
32	1.0333828948795878
33	1.0770336506145866
34	1.0183113445299155
35	1.0205873322152452
36	1.0145805167629187
37	1.0113420706713172
38	1.0597511750709927
39	1.0254362305172746
40	1.0172102885977523
41	1.020532769380961
42	1.0422881071316594
43	1.0223400857731049
44	1.018564826246314
45	1.0509630443694502
46	1.027847155689048
47	1.0478083030137408
48	1.019409383148302
49	1.018716452500132
50	1.0447255414299925
51	1.0273055662605897
52	1.0198129950760029
53	1.0224502234242474
54	1.0187168512126528
55	1.0229098373076144
56	1.0200827108787536
57	1.021099235973594
58	1.0182852926839912
59	1.0202276934745171
60	1.0135800470473255
61	1.0206963197461625
62	1.012866702113772
63	1.0557221753722987
64	1.033914975350474
65	1.022656787286256
66	1.0090585161576047
67	1.0084547060844864
68	1.060437064492808
69	1.0219980296557998
70	1.0381400128297893
71	1.0678309215826896
72	1.020474202763861
73	1.0190280267678666
74	1.0200587500865719
75	1.0471636664844837
76	1.0279893193224225
77	1.0193456783508952
78	1.023329767058995
79	1.015396995210889
80	1.0200215336961338
81	1.012514101713011
82	1.0100744602786096
83	1.0240079592380336
84	1.0480775476398385
85	1.0611169761297496
86	1.0225903615763972
87	1.044508258133216
88	1.0079660338738168
89	1.0265301296088662
90	1.0696189635338047
91	1.0219061049102767
92	1.0183608652694174
93	1.021929340902532
94	1.0153515228203378
95	1.018442792134621
96	1.01467960380826
97	1.0345051859677623
98	1.005643641447968
99	1.017693145549375
100	1.0212335506756496
101	1.0207660405784176
102	1.0172476694744381
103	1.056151985415061
104	1.0207515499568505
105	1.012376094724937
106	1.0331701136124736
107	1.029605759128192
108	1.0174635990790222
109	1.0180050484200407
110	1.016444868204767
111	1.0518598868936346
112	1.0251186733731192
113	1.0449108244903451
114	1.0612097444274442
115	1.0195007042839086
116	1.0180832582471955
117	1.0376524679456127
118	1.0180364116262197
119	1.0182339102004772
120	1.0456466080113909
121	1.0270955498878838
122	1.0182145941893324
123	1.0208873382541441
124	1.0199965604623855
125	1.0147580759751653
126	1.0203910340989792
127	1.049304017434244
128	1.029215384477767
129	1.0176549346252444
130	1.020058588835779
131	1.0362818878231048
132	1.021193691516142
133	1.0523599321083255
134	1.0208050704139746
135	1.0116613399324672
136	1.05477643166574
137	1.0106070456747382
138	1.0238649165386757
139	1.0190140641320244
140	1.040593165923321
141	1.027111970664453
142	1.0440585411464407
143	1.0084079026205996
144	1.0256008213489958
145	1.0188196590737295
146	1.0414835489625853
147	1.0657406635878561
148	1.049398788522796
149	1.009280737219743
150	1.0181551605187875
151	1.0135083374113378
152	1.0328823302387704
153	1.0267309585459738
154	1.0425961983974557
155	1.0266587138064782
156	1.0742907425546624
157	1.0187972713061018
158	1.0193587595527194
159	1.0187934213546117
160	1.0132098269576475
161	1.017694621537784
162	1.047798926043804
163	1.0184270129867574
164	1.0340335063600077
165	1.0635219848917954
166	1.0130748102680045
167	1.029980249155177
168	1.0228287614198845
169	1.0227008056340048
170	1.0175917570182067
171	1.0486429060155564
172	1.0201299902943657
173	1.0183724031505026
174	1.017804817389487
175	1.0181714653843987
176	1.0158627224598282
177	1.0112487193033128
178	1.0204105256567546
179	1.0387243744723258
180	1.0288328888026612
181	1.014821046287388
182	1.0349855177294396
183	1.0637051823498815
184	1.0192595751027735
185	1.0475295474079163
186	1.0287281904480294
187	1.0641956715859464
188	1.0370761218092164
189	1.0226276644665528
190	1.0307132406929487
191	1.0205641248822686
192	1.0270590931541599
193	1.0385112724528196
194	1.0068083397523415
195	1.0219157538604684
196	1.019292825461608
197	1.0184265407066495
198	1.0185936867412917
199	1.01254215911707
200	1.0249989824840975
201	1.014842925992152
202	1.032112021157862
203	1.0626393954745956
204	1.0378410427085463
205	1.0198696527150068
206	1.0188619347526011
207	1.0368844218890565
208	1.0606153909196516
209	1.0188343395714201
210	1.0183350820805483
211	1.0183860873442143
212	1.01790873977031
213	1.0147927317377587
214	1.0493693824238868
215	1.0171347313419123
216	1.0188833038808764
217	1.0175138438644369
218	1.0344900287415801
219	1.021828239325766
220	1.0144321940071754
221	1.0684947244487981
222	1.0210072755195283
223	1.0128654585162453
224	1.0506349404577704
225	1.0200077253282918
226	1.018714306126503
227	1.0373288490429784
228	1.0160268721902024
229	1.0113444934240445
230	1.027621411445928
231	1.0169994905073005
232	1.0180663993293328
233	1.0197765804175005
234	1.0181388186964402
235	1.0157633565137165
236	1.0180083820811685
237	1.0325154564802346
238	1.0239740140194191
239	1.0157888877597865
240	1.016720058544196
241	1.0184080616100923
242	1.0173217652977788
243	1.0401452196034182
244	1.0245463898997973
245	1.0186772808258893
246	1.019383863385206
247	1.0143642517149791
248	1.0177093540538744
249	1.0462361786065415
250	1.023773850605885
251	1.0183095401525155
252	1.0154886383361637
253	1.0530564885082576
254	1.0187462206664435
255	1.0117499678963957
256	1.0175054308569063
257	1.0147355572112562
258	1.0180590024597898
259	1.017095658072308
260	1.016600847915269
261	1.0100899158144405
262	1.0304954828593167
263	1.0048508218494336
264	1.01442389922746
265	1.0128638189545074
266	1.0102498410000196
267	1.029910266334328
268	1.019684762063542
269	1.0188516782717776
270	1.0182621599396509
271	1.018819821812099
272	1.0438575130990153
273	1.0259689529233142
274	1.0041675301710227
275	1.0200596698513964
276	1.033286247093896
277	1.0229690927022126
278	1.003281650366444
279	1.016482267710445
280	1.0135742528333254
281	1.0345875492901495
282	1.0062459516934141
283	1.0077710966688866
284	1.0186894002752735
285	1.046092976113585
286	1.010911698043265
287	1.0188030468094997
288	1.0455683300343066
289	1.0180891147700213
290	1.0174075057944032
291	1.0344276104658978
292	1.0183019958167505
293	1.015429344681644
294	1.045453637690542
295	1.0265215418552684
296	1.0173898508624235
297	1.066136531016983
298	1.0410136339172085
299	1.0088891925191703
300	1.0197834935294712
301	1.0164782831621364
302	1.0172224805886372
303	1.0176364587228541
304	1.0172722908727556
305	1.0362948678592279
306	1.0195382503716555
307	1.0154292107411607
308	1.0159927158318056
309	1.0177795678939703
310	1.040306057469563
311	1.0180294174717188
312	1.0489668704181752
313	1.0306827877706162
314	1.019664822806425
315	1.0168826347052684
316	1.0176636460129767
317	1.0166375469445863
318	1.0135224197121082
319	1.0098275034278474
320	1.0522979382719442
321	1.017986514070177
322	1.0173258338636473
323	1.0182998820357243
324	1.0189754629904424
325	1.0422235847635946
326	1.049541438656989
327	1.0176620073132023
328	1.0347610386355761
329	1.0198280374412845
330	1.0169165465104948
331	1.0159027657719157
332	1.0169111127229495
333	1.0106659211406601
334	1.030213090250814
335	1.0222879672836407
336	1.01593578446142
337	1.0131117877953282
338	1.0333129716857248
339	1.0185156284275774
340	1.019733790849229
341	1.0110901278086872
342	1.017705973404984
343	1.0372413050221225
344	1.0506676020528345
345	1.0177004524949742
346	1.011124373164639
347	1.049799448459999
348	1.0263808838957187
349	1.017392091168425
350	1.0217308496823123
351	1.016984446281894
352	1.0163386409135562
353	1.018469644174238
354	1.0121717129889685
355	1.0095385601135178
356	1.0226644771711435
357	1.0408559881743211
358	1.0535738063361384
359	1.01687786280703
360	1.0404495884635308
361	1.052112104932843
362	1.0185634980150868
363	1.0121583708061879
364	1.028383929213841
365	1.0213822251562983
366	1.0158156189091692
367	1.015288756697185
368	1.0294944718113332
369	1.0182766428484613
370	1.0162026861652222
371	1.015466608033105
372	1.02844331796451
373	1.0052914192110078
374	1.0243252079208647
375	1.0178236079972969
376	1.014997463436068
377	1.0115435357390719
378	1.0099972817696998
379	1.0440649495260228
380	1.017541927536589
381	1.0178986675310764
382	1.0452986750144546
383	1.0187765108094902
384	1.016128939536499
385	1.0306163587345574
386	1.0148917254536136
387	1.0176744694798356
388	1.0157903871175122
389	1.0166338849622683
390	1.0115396344170378
391	1.0180536819940151
392	1.0421590165075116
393	1.018466571580388
394	1.0151959744007897
395	1.0103259282643924
396	1.016373699550702
397	1.01569294956068
398	1.0158723472149889
399	1.0130665225980267
400	1.0285110946069802
401	1.0163999630316396
402	1.0274600339358368
403	1.055110399643045
404	1.0166871719763786
405	1.0307991696574448
406	1.0206147079291918
407	1.0142448796150971
408	1.0599541955291305
409	1.0146239482953787
410	1.0413357461957564
411	1.0547220167599871
412	1.0185622056990478
413	1.0319059165723146
414	1.005449442784071
415	1.0202572056065309
416	1.0149648351155376
417	1.0007158740714996
418	1.0193739458988382
419	1.0183525875325825
420	1.0163358489345002
421	1.0108169940075948
422	1.0084909043433372
423	1.0466672929886776
424	1.0154874127740288
425	1.0089373402403803
426	1.0279506516052903
427	1.0196785114809113
428	1.0282420677384447
429	1.0173470445010757
430	1.0551208832959824
431	1.018107186282244
432	1.0155643699686805
433	1.0157651313463505
434	1.0124587848478823
435	1.0149129527305512
436	1.011326141921324
437	1.0111905075269325
438	1.0217474582922716
439	1.0152163392998466
440	1.015168440722547
441	1.0105198744877115
442	1.0148384359720823
443	1.0163117060759632
444	1.0303810722322422
445	1.0124843530945489
446	1.007479849399211
447	1.0167055649674008
448	1.0095450463492388
449	1.0277161316824759
450	1.0151955829562795
451	1.0118591526789695
452	1.0413504398557627
453	1.0099571665318916
454	1.0188385031957259
455	1.018989237360811
456	1.0112798702622596
457	1.0476523879786335
458	1.015068229808649
459	1.0351944154025468
460	1.0214451496437706
461	1.021675130571821
462	1.0114562312678985
463	1.0077223602016472
464	1.0152895839939495
465	1.0137715791845103
466	1.0326117567660664
467	1.0195249129311996
468	1.0132966737763147
469	1.063609538274667
470	1.0152441624493753
471	1.0389332447817705
472	1.0085224336922853
473	1.0481110909293077
474	1.0423204854382206
475	1.0096603258208587
476	1.0126276400353769
477	1.0137635263461915
478	1.01433759180209
479	1.0354082429364073
480	1.0245194044155486
481	1.0142013264203653
482	1.0194398232449478
483	1.0403957291947683
484	1.0442098314661634
485	1.0156969661573048
486	1.0342164253438502
487	1.0131110556750582
488	1.0140476360207271
489	1.0377075296620273
490	1.0053734014440867
491	1.0226728494203166
492	1.0024609022714313
493	1.0047697100590622
494	1.0056890328881438
495	1.0211149811468796
496	1.036733141325562
497	1.0137363366546999
498	1.0341996334978532
499	1.045521447446586
500	1.0085826345087623
501	1.006301099886819
502	1.0457532014045576
503	1.0143220918993114
504	1.0137397214179475
505	1.0089965252204807
506	1.0409017509737906
507	1.0054707151611044
508	1.0117928680277906
509	1.035896437055301
510	1.0208698100731315
511	1.0138255737120303
512	1.009900626855939
513	1.0142621549229385
514	1.013525388047333
515	1.0357851299704168
516	1.0131174127531781
517	1.0318221174154523
518	1.0048896635482139
519	1.0044157558373321
520	1.0189152850321395
521	1.0017152049124007
522	1.0127917416331713
523	1.0253703965784622
524	1.002553848027365
525	1.0112950778670555
526	1.0077689151330211
527	1.0273843021872358
528	1.0030935616181922
529	1.0195012920261504
530	1.0111897858108851
531	1.014528930632285
532	1.0099734930243323
533	1.0226527343684986
534	1.0126293048712545
535	0.9991521409480862
536	1.012375579425607
537	1.0171406439301063
538	1.0140289631231725
539	1.0064126713492658
540	1.0400472803132912
541	1.0117505818320667
542	1.0106221461201972
543	1.009027901254584
544	1.011532275117848
545	1.0100580358397913
546	1.011274452002846
547	1.0091148183527605
548	1.0198350016636517
549	1.0435382773797064
550	1.0125277553665688
551	1.008467316102225
552	1.0115516226494687
553	1.0094041964258145
554	1.0143638142052736
555	1.0128327057531226
556	1.0104949995607544
557	1.027241944352096
558	1.0379757802770393
559	1.0037536759982226
560	1.0095456517342936
561	1.010293243042563
562	1.0086968043068814
563	1.0103848378292555
564	1.0089853674646092
565	1.0030975611695372
566	1.0371433341633698
567	1.0099040678803923
568	1.025593631080005
569	1.0108348997847552
570	1.0089809577528548
571	1.0075648629278489
572	1.0275358184784897
573	1.0064767958268892
574	1.0096960379881976
575	1.0218019540680356
576	1.0442311002184614
577	1.0060513017930506
578	1.0066282529267165
579	1.0269508046045197
580	1.0134006057163683
581	1.005457724053163
582	1.0152786712779518
583	1.0102737502107242
584	1.0099425696049364
585	1.0167601652059983
586	1.0041993827660833
587	1.0036403557799098
588	1.0276314760651197
589	1.0039365921538008
590	1.0200139179383747
591	1.0028979902410047
592	1.0042684972912295
593	1.0257627771029307
594	1.0036293123670887
595	1.0018584922366887
596	1.0270466660156505
597	0.995749027352859
598	1.0080719782963459
599	1.0340270051641576
600	1.0011505807703978
601	0.9985791759359832
602	1.020557899257732
603	0.9924969670955099
604	1.0042545641588003
605	0.9975962886999148
606	1.0320832057935148
607	0.9985621784189109
608	0.9955630380873026
609	0.9995042010625271
610	0.9955281043105547
611	0.9945424510485616
612	1.0120075340681827
613	0.9963081067335794
614	0.9901127338967632
615	0.9879819585467025
616	0.9912745982495222
617	0.9885343056822856
618	0.9881394121740181
619	0.9967890658186123
620	0.9878821556927337
621	0.9885266625343855
622	0.9876678019478032
623	0.9854936794061823
624	0.9984229075256549
625	1.014867018710766
626	0.9890539089841045
627	0.9793396182903698
628	0.9935117733833665
629	0.9891907518755471
630	0.9805319111915494
631	0.9820848294769002
632	0.9738243562571578
633	0.998845217927826
634	0.9765355465914649
635	0.9777646137796027
636	0.9703877097544873
637	0.9813558089049641
638	0.974884635062329
639	0.9693086156520981
640	0.969294545034261
641	0.9686291906454093
642	0.9645803021295626
643	0.9655703124105207
644	0.9633327335049806
645	0.9800398937649082
646	0.9634088416087799
647	0.9734809154683743
648	0.9843808950174147
649	0.955968073418985
650	0.9519173816572174
651	0.973184243344593
652	0.9513309765855184
653	0.9479623194461281
654	0.947325519240547
655	0.9467707939909666
656	0.9578248755024728
657	0.9445469724241302
658	0.9363326139918331
659	0.959065129684045
660	0.9442792462071659
661	0.9366735440483017
662	0.9390083277061497
663	0.9367332786421044
664	0.9430741798004363
665	0.9311653705070984
666	0.9243971742307444
667	0.925240485646641
668	0.9201819067939377
669	0.9174157583807294
670	0.9166365147643142
671	0.9248554938780891
672	0.932333038850478
673	0.9277999432106789
674	0.9088324952838039
675	0.904264025267786
676	0.9154491836482226
677	0.9047195695707682
678	0.9018001284285327
679	0.8966068833064105
680	0.8912942311836904
681	0.908331786348785
682	0.8889657759150298
683	0.8820837632301372
684	0.8824704290472197
685	0.878898839121691
686	0.8861823271372302
687	0.8695310255688806
688	0.8729817696417813
689	0.8809473313844087
690	0.863619624620987
691	0.8709548779977567
692	0.8647363591618955
693	0.8613010004299282
694	0.8575879127519415
695	0.857733844635918
696	0.8554355947190195
697	0.8527286992922887
698	0.8480314789318264
699	0.8530183907305307
700	0.846154789916592
701	0.8475068231703643
702	0.841403561453407
703	0.8501543915172162
704	0.831154683680339
705	0.8373249438964327
706	0.8515832350495954
707	0.837126893937947
708	0.8260164908140852
709	0.830088598004806
710	0.8231587052281826
711	0.820239873122065
712	0.8141350422180421
713	0.8204036897304237
714	0.831782653771878
715	0.8180254700052412
716	0.8100614601929523
717	0.8204352748824475
718	0.8094676941504186
719	0.7975823879053422
720	0.8007924085019059
721	0.7980853980660548
722	0.8042744351765454
723	0.7947204623174977
724	0.8041492568660472
725	0.7898858959244324
726	0.7888927316762505
727	0.7851065954340808
728	0.7917161966223286
729	0.7842947794620411
730	0.7802323641519461
731	0.7764012741015232
732	0.7744129428698681
733	0.7685589416848536
734	0.775383870489959
735	0.7782760095802379
736	0.7722183393595548
737	0.7664060647191031
738	0.7725348567501151
739	0.7617198857363277
740	0.7660864961876637
741	0.760501920968323
742	0.7614081699031696
743	0.76192027002731
744	0.7663797562466785
745	0.7538932597275891
746	0.7493230036150682
747	0.7487700673012878
748	0.744928892152092
749	0.7458057702882441
750	0.7485798359217908
751	0.7383487039222301
752	0.7416969691257741
753	0.7512977448993063
754	0.7362648621729933
755	0.7355759315394856
756	0.740004162057359
757	0.732419873909199
758	0.7305878074605141
759	0.7350740670325242
760	0.7282269900178313
761	0.7244499705948826
762	0.7245472129511761
763	0.72828213837804
764	0.722356761909726
765	0.7200607823545594
766	0.7186524113428279
767	0.7225041845323945
768	0.7159697733428008
769	0.7186419633066199
770	0.7139421705212271
771	0.7096379909116315
772	0.7128143748801005
773	0.7199146979719344
774	0.7072096125157212
775	0.7068501437170116
776	0.7032589281464733
777	0.7029394089074488
778	0.701804212850477
779	0.6998991546758235
780	0.7044326898229031
781	0.6979017267524442
782	0.6949680237210852
783	0.6944689864893987
784	0.6997404412881432
785	0.6934806224604702
786	0.6918047803279794
787	0.6894437626126091
788	0.6880509461394955
789	0.689429138557409
790	0.6833766138459427
791	0.6847571560227418
792	0.6906896240408786
793	0.6820737769424299
794	0.6868762047571768
795	0.6802932504230337
796	0.6830113480578038
797	0.6851832872526034
798	0.675829359937367
799	0.6750435762259208
800	0.6731740833268061
801	0.6735303181953847
802	0.6712092037772482
803	0.6690680840870007
804	0.6724527119037917
805	0.6704460152671592
806	0.6671440078319968
807	0.664045274566235
808	0.6642034503526678
809	0.6623494347391442
810	0.6617531436343385
811	0.66800673723828
812	0.65859624786701
813	0.6645350668169564
814	0.6583822372987813
815	0.6571205888595388
816	0.6545269012386459
817	0.6567886526689537
818	0.6549183905484343
819	0.6520256437408345
820	0.6529262494478124
821	0.6548911849699526
822	0.6495879466356775
823	0.6495380904858914
824	0.649691992614598
825	0.6460390678020401
826	0.6501355878866635
827	0.6441865736775177
828	0.6435011741191778
829	0.6425182416874644
830	0.6416514895815318
831	0.6458901506271437
832	0.639760137999099
833	0.638033229203526
834	0.6360932458561404
835	0.6365501312501477
836	0.6343354104909067
837	0.6397411836854607
838	0.6381725026237121
839	0.6367233478751437
840	0.6310043528558014
841	0.6322676514352255
842	0.6302319113900372
843	0.6287855237698474
844	0.628194083808683
845	0.6272841802128021
846	0.6255614081099
847	0.6254817335298033
848	0.6238614653528711
849	0.6236900954425612
850	0.6246499000670659
851	0.6203198005196124
852	0.6205404432453054
853	0.6197136672283665
854	0.6221304350327781
855	0.6222754280767305
856	0.6180402756383607
857	0.6204657494161991
858	0.6204993976349704
859	0.6146185135496753
860	0.6144250983210306
861	0.6150560498561776
862	0.612710695710621
863	0.6115702676068215
864	0.6104047697744979
865	0.6096254989854692
866	0.6079702401003527
867	0.6083803612640504
868	0.607358981911404
869	0.6061179109027496
870	0.6074557938029269
871	0.6046646337558136
872	0.6029710178581956
873	0.6058577476662595
874	0.6062142330508824
875	0.6027455096471196
876	0.60043214625032
877	0.6001017661260581
878	0.6021186470914947
879	0.5978949606194859
880	0.5973021030580439
881	0.5993280476104427
882	0.5995777451840436
883	0.5979199799077706
884	0.5969700243564898
885	0.5931581203683678
886	0.5924394202389257
887	0.591507949104755
888	0.5937012415467338
889	0.5888781171980569
890	0.5892391034722392
891	0.5884192370226491
892	0.5899137388667312
893	0.587233231205851
894	0.5848172050426839
895	0.5844688074299956
896	0.5845581719682655
897	0.5838522815912925
898	0.5825749986678325
899	0.5814564913311713
900	0.5821248176780403
901	0.5803315674172161
902	0.5821751975160457
903	0.5786215319433536
904	0.579627755164719
905	0.5780653626973725
906	0.5762804005731874
907	0.576220651683547
908	0.5780111640022187
909	0.5748717286343956
910	0.5756583644041519
911	0.573675243347146
912	0.5728414983397814
913	0.57458091929409
914	0.57204368329911
915	0.5701207511396297
916	0.569605395144381
917	0.5687109154158926
918	0.5682175254117382
919	0.5689261757663181
920	0.5664518978228874
921	0.5665316999773429
922	0.564993457396799
923	0.563869515916101
924	0.5634759514027226
925	0.5647646713918132
926	0.5623732647217652
927	0.5616577495554107
928	0.5608560852969124
929	0.5593654586444169
930	0.5614854318683408
931	0.5580943733173063
932	0.5571540368351692
933	0.5565644189603474
934	0.5573151839741765
935	0.5552815999008496
936	0.5546516755476685
937	0.5559194564708335
938	0.5539203381957205
939	0.5518822762576046
940	0.5531479721617482
941	0.5513006518785446
942	0.5503472565813209
943	0.5489478180594617
944	0.5508051017855728
945	0.550852260290738
946	0.5466473563913701
947	0.5463888289601125
948	0.5454287167140819
949	0.5474802331653861
950	0.544301203648752
951	0.545244106989522
952	0.545479131735435
953	0.5428117196766579
954	0.540911287869941
955	0.5400310837842548
956	0.5392120466769732
957	0.5381670255928788
958	0.5399875403547783
959	0.5370435179943867
960	0.5363088828491294
961	0.5352959318847503
962	0.5363429993680573
963	0.5344828668901485
964	0.533555540340362
965	0.5319568456093898
966	0.5326968282200331
967	0.532068438257485
968	0.53119528538098
969	0.529858948035668
970	0.52756982206266
971	0.5270067016232962
972	0.5270271183416293
973	0.5267390849616578
974	0.5274922488083498
975	0.5251735578375151
976	0.5240848072157992
977	0.5228011948019721
978	0.5220428354239917
979	0.5225913593616576
980	0.5196434671348283
981	0.5192177179756294
982	0.5208291847087317
983	0.5186336626111379
984	0.5168839647628672
985	0.5153302570961262
986	0.5149060426952106
987	0.5146103784577603
988	0.5137620425486304
989	0.5126057802809266
990	0.5144945233681615
991	0.5127202715380642
992	0.5099900992341718
993	0.5093125951062469
994	0.5102660688166698
995	0.5071554529986256
996	0.5064693562308081
997	0.5059218406429417
998	0.5044788515000371
999	0.5059466793045514
1000	0.502600052699765
1001	0.5022935072022516
1002	0.5021681266397484
1003	0.5002144664888437
1004	0.49931423489767834
1005	0.49839941929567366
1006	0.4970942872722276
1007	0.4976472040315536
1008	0.4951077808624515
1009	0.49464684879150106
1010	0.4951468609083813
1011	0.4927563212015041
1012	0.49319912743896743
1013	0.49039167454117527
1014	0.4897338121350661
1015	0.4899855414783011
1016	0.4880870150754977
1017	0.4872362991224584
1018	0.48589496007239497
1019	0.4862735153958675
1020	0.4837652449908601
1021	0.48453831687101656
1022	0.48238241134727766
1023	0.4811985861976579
1024	0.4794386412180959
1025	0.47877230152454153
1026	0.47784404770678224
1027	0.4779956714074527
1028	0.4763296964709097
1029	0.47574901340603326
1030	0.4749246730596017
1031	0.4723647351431953
1032	0.4721837002460929
1033	0.47008986617057763
1034	0.468934271601963
1035	0.4672567304697127
1036	0.4662463520311838
1037	0.4648047498392732
1038	0.4638007365035956
1039	0.4638022450144541
1040	0.46354203161572616
1041	0.45999998604465564
1042	0.46130050524013905
1043	0.4582423533855566
1044	0.45631001062960935
1045	0.4566836464175619
1046	0.45626094957280516
1047	0.4524259027024555
1048	0.4515027821617597
1049	0.4510318107267688
1050	0.45004952192332026
1051	0.44716920557890255
1052	0.4475025132757289
1053	0.4440595334980607
1054	0.44366312687309684
1055	0.4420165853190867
1056	0.4390783454454457
1057	0.43792409340528793
1058	0.4363897324289306
1059	0.4341390744162829
1060	0.4332787837804805
1061	0.4331252055458521
1062	0.43122042670887467
1063	0.42915369553829175
1064	0.4267679427197351
1065	0.4249183816869849
1066	0.4223706042895984
1067	0.4200723256378319
1068	0.41929510319000995
1069	0.41646271943591745
1070	0.41484885133096794
1071	0.41410153385106374
1072	0.4104372943806558
1073	0.4075655551764626
1074	0.40511718698882504
1075	0.40231998760241217
1076	0.4009377079990271
1077	0.39990736847279934
1078	0.3944321940441413
1079	0.39199442228033915
1080	0.3888685594008505
1081	0.39137477312153934
1082	0.38342263920763353
1083	0.38230785123222066
1084	0.37716621286537655
1085	0.37616212810389343
1086	0.37184228452709417
1087	0.3675283290557649
1088	0.36454208552549283
1089	0.3608851077317018
1090	0.35833375054525685
1091	0.3560947777719006
1092	0.3506412546403841
1093	0.3456287927786954
1094	0.3414511399347269
1095	0.3409490968498143
1096	0.3346924180906056
1097	0.33039194335341204
1098	0.3264223684864734
1099	0.323237489330794
1100	0.31869462853104985
1101	0.3149408270042926
1102	0.31293443610427996
1103	0.3061897030602022
1104	0.3017497961158616
1105	0.29807873097661836
1106	0.2964233371436579
1107	0.2932665760933293
1108	0.2875792755755872
1109	0.2866903618544336
1110	0.2805460152686747
1111	0.27649406127242343
1112	0.273827605765864
1113	0.2697352819114769
1114	0.26508862699663144
1115	0.26346711075941437
1116	0.2584823448493561
1117	0.25712325192447083
1118	0.2535578838304315
1119	0.25151848162355894
1120	0.2476047133258788
1121	0.24622962854588548
1122	0.2416558999025356
1123	0.2392497443460448
1124	0.23617196859212555
1125	0.23564553755043727
1126	0.23203722937346757
1127	0.22836883599537688
1128	0.2274077755630285
1129	0.22397458720450342
1130	0.221195352578293
1131	0.21974836585671526
1132	0.2172620212845904
1133	0.2144043086019759
1134	0.21293574967065734
1135	0.21135727673506685
1136	0.20854652610441798
1137	0.20588229229395655
1138	0.20383685807778823
1139	0.20201181819047415
1140	0.20100609465241856
1141	0.19944555292146013
1142	0.19666058175375192
1143	0.19411851409715475
1144	0.19276355632679548
1145	0.1907391817045156
1146	0.1900696770384663
1147	0.18902595474956785
1148	0.1864385391317393
1149	0.18437953967697882
1150	0.183451465128869
1151	0.18133242535711847
1152	0.18063513923482294
1153	0.17864442901443095
1154	0.17660748888106545
1155	0.17484370179672576
1156	0.17428378800137792
1157	0.17204489848010138
1158	0.1710700480080179
1159	0.16953335004875197
1160	0.16863974773166746
1161	0.1667655123985087
1162	0.16530181462639953
1163	0.16575512931715275
1164	0.1626434259332939
1165	0.16197494992059214
1166	0.16051439346763322
1167	0.1600408754593769
1168	0.15821689205069855
1169	0.15676013454913512
1170	0.15558023771616772
1171	0.1555428076850498
1172	0.15472204491695715
1173	0.15211639629662543
1174	0.15125917136719053
1175	0.15026981105309445
1176	0.14932127835453107
1177	0.14924981723905734
1178	0.14687438903669084
1179	0.1458180353776195
1180	0.14500510216919615
1181	0.1452111478337353
1182	0.14292863172216455
1183	0.14182398910222088
1184	0.14090828914769715
1185	0.13972446576746778
1186	0.13890517247005474
1187	0.13827039768772495
1188	0.13732534760158965
1189	0.1360441086675453
1190	0.13487126062663937
1191	0.13381255130964342
1192	0.13399979555883776
1193	0.13256245369790245
1194	0.13150391744409412
1195	0.13081822484496047
1196	0.1305806769831333
1197	0.1291071915290043
1198	0.12778869320898617
1199	0.12754077239797335
1200	0.1261600996494627
1201	0.12697367354715755
1202	0.12595708580971063
1203	0.12423946882156911
1204	0.12407146224265811
1205	0.12267479768656187
1206	0.12171029301552917
1207	0.12179391319587836
1208	0.1206701423418008
1209	0.11962531552738662
1210	0.11865117628114633
1211	0.11886399188604949
1212	0.11734183257732869
1213	0.11694365342813962
1214	0.11613314314310888
1215	0.11528797209282227
1216	0.11520048510234572
1217	0.11421211741820045
1218	0.1133542377965553
1219	0.11267562324999705
1220	0.11199938041225035
1221	0.11160516163480493
1222	0.11078267692312525
1223	0.10996251079452181
1224	0.1094458217296356
1225	0.10881663368826822
1226	0.10817523411948118
1227	0.10767470129108477
1228	0.10698817841130011
1229	0.10652000552807019
1230	0.10615220837689593
1231	0.10601896440447287
1232	0.10475803350308462
1233	0.1041715147818384
1234	0.10359672181516355
1235	0.10308692648865395
1236	0.10228440318838626
1237	0.10175875026741787
1238	0.10107997579168881
1239	0.10100399674140276
1240	0.10023352915168979
1241	0.09940511389520743
1242	0.09907600385652023
1243	0.09867733252727655
1244	0.09829935031068382
1245	0.09799249862411175
1246	0.09721251213269493
1247	0.09664241087987496
1248	0.09634113630243717
1249	0.0955746237310218
1250	0.09535538950706665
1251	0.09465153446452124
1252	0.09464063967691162
1253	0.09362946842645223
1254	0.0932854470760587
1255	0.09323833066260506
1256	0.09210615400275979
1257	0.0917206688673087
1258	0.09134817854649549
1259	0.0909120563877881
1260	0.09038138773053263
1261	0.09041336111120583
1262	0.08959693271263644
1263	0.08961348942259413
1264	0.08871914042304574
1265	0.08824050738570298
1266	0.08829046841545717
1267	0.08739454046039107
1268	0.0869901380505643
1269	0.08716238752997812
1270	0.08613318248563426
1271	0.08602880067242297
1272	0.08536716939565721
1273	0.08530628720961722
1274	0.08449922909744328
1275	0.08408989438472021
1276	0.08367243953485391
1277	0.08326977602303565
1278	0.08303307777316492
1279	0.08287455753635467
1280	0.08223096569122099
1281	0.08178204669825781
1282	0.08139070461005263
1283	0.08105971677013953
1284	0.08101336112647592
1285	0.08033517833896836
1286	0.08050422929453349
1287	0.07963540873294106
1288	0.07935266663283261
1289	0.07902683667926784
1290	0.07858054330586485
1291	0.078184244599978
1292	0.07786627793334067
1293	0.0774430275857761
1294	0.07714327626224116
1295	0.07705329387732636
1296	0.07667712928994888
1297	0.07631203038018132
1298	0.07576097807018219
1299	0.07553324478483166
1300	0.07516309637112828
1301	0.0750178135748259
1302	0.07461874497792209
1303	0.07423102984618306
1304	0.07397280377522933
1305	0.07364473714152808
1306	0.07343768706195858
1307	0.07301596839520466
1308	0.07266475367329675
1309	0.07278172312530237
1310	0.07255224434485769
1311	0.07222134585169254
1312	0.07152902081392881
1313	0.07128919823189381
1314	0.07095695759853046
1315	0.07061031284504994
1316	0.07053573719371597
1317	0.07048239749382151
1318	0.06984879626485452
1319	0.06969097334402002
1320	0.06922200236051629
1321	0.06879015102298852
1322	0.0687567119559344
1323	0.06858706435447659
1324	0.06813206680970962
1325	0.0680876970332263
1326	0.06761526147172539
1327	0.06734073215749821
1328	0.06738246159723195
1329	0.0667963053645132
1330	0.06658233778504062
1331	0.06632495167602148
1332	0.06618155320350876
1333	0.06611907159730529
1334	0.06561402844141545
1335	0.06532799763924052
1336	0.0652448140170661
1337	0.06482799039908094
1338	0.06447310877378243
1339	0.0642231787995651
1340	0.06407724335278474
1341	0.06380235744126872
1342	0.06384727080385749
1343	0.06331184926323576
1344	0.06312758076669797
1345	0.06305767567120513
1346	0.06262560924684173
1347	0.06265963088117824
1348	0.06222662433323656
1349	0.06190843281980805
1350	0.06168234885872838
1351	0.06171324979893806
1352	0.061192069397127055
1353	0.06096697817822717
1354	0.06116796993223696
1355	0.06088063024210484
1356	0.06030444151599395
1357	0.060077076058073525
1358	0.05988911562606427
1359	0.05967425808154138
1360	0.05950237946185169
1361	0.05947775911312032
1362	0.05908339611621049
1363	0.05887076438194247
1364	0.058897963308498454
1365	0.058445947721467155
1366	0.0582725656700771
1367	0.05805575970922496
1368	0.05783540664506436
1369	0.057696261648021135
1370	0.05765055661956221
1371	0.05725882233996845
1372	0.05702514345024875
1373	0.056930298300696694
1374	0.05678104281483631
1375	0.05638981975576418
1376	0.056180886589522055
1377	0.05608267648472083
1378	0.05588337331262884
1379	0.05578170443309034
1380	0.0556782778660091
1381	0.05535591386099775
1382	0.055217762593593726
1383	0.05514344015507584
1384	0.055034629918742146
1385	0.05473591717201348
1386	0.054507087225573916
1387	0.05426054532293424
1388	0.05414761340127509
1389	0.05392414704709537
1390	0.05372394460136369
1391	0.053561872214984096
1392	0.05338380952835331
1393	0.053364305517587675
1394	0.05308260397513534
1395	0.05287514057056931
1396	0.052692845092604065
1397	0.0526676545887528
1398	0.052299736355894154
1399	0.05219880316171159
1400	0.05196352152025141
1401	0.05186296806886268
1402	0.05166642491997074
1403	0.0515501818557125
1404	0.05136215996291567
1405	0.05124615912564306
1406	0.05105660828994483
1407	0.05098793986936215
1408	0.050810297365509925
1409	0.050655815163919905
1410	0.05033467847437079
1411	0.050248355155585546
1412	0.05008061298078677
1413	0.04989885626924316
1414	0.049890183651987566
1415	0.049630393651407034
1416	0.04951591675892651
1417	0.04929524126036745
1418	0.04932756143808605
1419	0.04900029370321538
1420	0.049032265590843546
1421	0.048654903603059185
1422	0.04856291249480481
1423	0.048394824680614366
1424	0.048326688801513085
1425	0.04817261619047556
1426	0.048009813175071296
1427	0.04781611402089528
1428	0.04778535728922305
1429	0.04759289448571083
1430	0.04739680038710649
1431	0.0473615689729365
1432	0.04710029107614333
1433	0.04700068059322551
1434	0.04684478679479613
1435	0.04681253732484335
1436	0.04652937156762239
1437	0.04638645588899934
1438	0.046325118943567535
1439	0.046279543451269264
1440	0.04601091982037043
1441	0.045953942849072255
1442	0.0459019859912662
1443	0.045692234560616864
1444	0.045479489185571625
1445	0.04533535523397098
1446	0.04528623465945959
1447	0.045204482969368354
1448	0.04502801536662218
1449	0.04499486063021612
1450	0.044802137455515346
1451	0.044683280416373206
1452	0.04451031356658922
1453	0.0443800823237833
1454	0.04431037285731715
1455	0.04427882432092363
1456	0.04400612623440614
1457	0.04394842054626143
1458	0.0437236602883137
1459	0.043696907425501794
1460	0.04354134867892692
1461	0.043446344534750325
1462	0.043373178749259104
1463	0.043128525498454716
1464	0.04305951398357021
1465	0.04292622335203152
1466	0.04290320742231871
1467	0.0427580827067129
1468	0.04266965505336853
1469	0.04245081391732753
1470	0.04251200791705137
1471	0.0422740592704244
1472	0.04223566350414867
1473	0.04218007332472935
1474	0.0419047760260136
1475	0.041808904507105456
1476	0.04169626542751602
1477	0.041602797871923815
1478	0.0414585603021414
1479	0.041522230610728024
1480	0.041419221905236545
1481	0.041277829015596
1482	0.04105510118723753
1483	0.04092533007460533
1484	0.04087792358206617
1485	0.04071677605728919
1486	0.04055650836462593
1487	0.040522888353233984
1488	0.040420383034260786
1489	0.04035360464654808
1490	0.04035533520722668
1491	0.04009130260366733
1492	0.040033845102854654
1493	0.03990951850388795
1494	0.03977965128922703
1495	0.039751890404383414
1496	0.03955302413608763
1497	0.0394693808321326
1498	0.03936837077995699
1499	0.03923842104071852
1500	0.03929889488960846
1501	0.03906414064380789
1502	0.039019440627782905
1503	0.03899134026541373
1504	0.03878176214364713
1505	0.03874097899923317
1506	0.03874383906126009
1507	0.03860394503148511
1508	0.038400543083719076
1509	0.038329800400666206
1510	0.038238971667877854
1511	0.0381462250374158
1512	0.03803377862642054
1513	0.037917552557350076
1514	0.037869592720394515
1515	0.03778283656623507
1516	0.03767548755038995
1517	0.03758421285545557
1518	0.03749507655890166
1519	0.03746194836282995
1520	0.0372540213911897
1521	0.03731750887572642
1522	0.03712943140593972
1523	0.036996024076452375
1524	0.03691669308619986
1525	0.03681995779323527
1526	0.036737084485676336
1527	0.036673212869609034
1528	0.036585597252819374
1529	0.03648705820996927
1530	0.03639184475770799
1531	0.03630933547554303
1532	0.03625530138618217
1533	0.0361508274349375
1534	0.03611721886261203
1535	0.03609539727459214
1536	0.035876488954819236
1537	0.035922796885025365
1538	0.035720165040759935
1539	0.035627831592824837
1540	0.03558789322397592
1541	0.035476602181001245
1542	0.03538759872067974
1543	0.03534441232235446
1544	0.03523949661325795
1545	0.035158608680034356
1546	0.03508936029785704
1547	0.03500286406237289
1548	0.034900663166439555
1549	0.03482060111969156
1550	0.034770316276074305
1551	0.034690186175424145
1552	0.0346108490326421
1553	0.03453328085490071
1554	0.03444931029645791
1555	0.03436822942231239
1556	0.03425756745731484
1557	0.034228915656356794
1558	0.03420183162462782
1559	0.03402727168186937
1560	0.03396786030831176
1561	0.033889714948433465
1562	0.03384302400050418
1563	0.033772219251430306
1564	0.03366394269148621
1565	0.03364815928717853
1566	0.03363325196573389
1567	0.03345212544653352
1568	0.03343017366455916
1569	0.03330998578704082
1570	0.0332482342597124
1571	0.03315739055578978
1572	0.03307651474403306
1573	0.033065100984309564
1574	0.03297428732167432
1575	0.032892553161280404
1576	0.03281886024731788
1577	0.03271392791443789
1578	0.03265566517945416
1579	0.03259829654166701
1580	0.03255365757000145
1581	0.032473304441459065
1582	0.03237605705272814
1583	0.03232238930580157
1584	0.03222561067219519
1585	0.03215119511581363
1586	0.032117224050580206
1587	0.03202454351402263
1588	0.03203185763940883
1589	0.03190791763066901
1590	0.03182508401270381
1591	0.0317619082141899
1592	0.0316945650901218
1593	0.03162021955013992
1594	0.031565178944110504
1595	0.03148758669323447
1596	0.03141269851570552
1597	0.031351841611323324
1598	0.03130135555654129
1599	0.03126487319362739
1600	0.031179414678573235
1601	0.031082636044674206
1602	0.03106115102977604
1603	0.030956856561264436
1604	0.030912987119127253
1605	0.030929100808384458
1606	0.030783690442187574
1607	0.030771249646701075
1608	0.03066859684979438
1609	0.03060846993891396
1610	0.030602197965662492
1611	0.0304723615650526
1612	0.030425213863592794
1613	0.030357944922334505
1614	0.03036275466023148
1615	0.030233884681300748
1616	0.030163159243686198
1617	0.030079479574653765
1618	0.030106915429393623
1619	0.030052321837958713
1620	0.029919427895156045
1621	0.029918430456057014
1622	0.029821505906833502
1623	0.02977938271938426
1624	0.029694890888319524
1625	0.0296320562096951
1626	0.029597372165831463
1627	0.029501838266934234
1628	0.029489129198798564
1629	0.029394733368277293
1630	0.029366877783153313
1631	0.029321779423649084
1632	0.029235185377385932
1633	0.029143348773324182
1634	0.029094427171303845
1635	0.029091296360531205
1636	0.0289950508592212
1637	0.028911120637749782
1638	0.028933831875979258
1639	0.028829042270191483
1640	0.0287628362231043
1641	0.028694671053517654
1642	0.028647973746541617
1643	0.028632800284904853
1644	0.02861234279851486
1645	0.028481676315305685
1646	0.028452812654398606
1647	0.02837537989658567
1648	0.028312573023354597
1649	0.028272494748246467
1650	0.028278136998010087
1651	0.028179661980454667
1652	0.028097094961501274
1653	0.028040027885009793
1654	0.027965545626387513
1655	0.02791000762195306
1656	0.027885962210566734
1657	0.02790999997561797
1658	0.02779410018581046
1659	0.027725814163763754
1660	0.027667156707746318
1661	0.027617162573161696
1662	0.027630360939295665
1663	0.027519000928858426
1664	0.027491473221858624
1665	0.02740425333700948
1666	0.02742381652731536
1667	0.0273278322929049
1668	0.027270698738633567
1669	0.027217256006010083
1670	0.027161837667818947
1671	0.02713602741540428
1672	0.027153460241147395
1673	0.027014440804003607
1674	0.026983801707033253
1675	0.026924381817813564
1676	0.026922673862131753
1677	0.02680219568684146
1678	0.026785183836658392
1679	0.026717059234888284
1680	0.0266619527391598
1681	0.02660661041481288
1682	0.026571910292724377
1683	0.026523853093658633
1684	0.02647533023863574
1685	0.026493158153265563
1686	0.02639626305460816
1687	0.026345176648961507
1688	0.026331336686464632
1689	0.026308997715183146
1690	0.02618088192840845
1691	0.026156990010242322
1692	0.02611475741844048
1693	0.02607154124887362
1694	0.02600744350345857
1695	0.025968551295700845
1696	0.02592320052544484
1697	0.025931837418541968
1698	0.025829873114618783
1699	0.02578499918753391
1700	0.025767677229328385
1701	0.02567867172840329
1702	0.02564630724574772
1703	0.025618442326549612
1704	0.025549024076020558
1705	0.02551233429617769
1706	0.025448609177595775
1707	0.025403528099675218
1708	0.025389549730207253
1709	0.0253369527793947
1710	0.025272748732245477
1711	0.025235394855243468
1712	0.025208177760338107
1713	0.025149716894164318
1714	0.025123431625766957
1715	0.02506816340067699
1716	0.025027920724989567
1717	0.024971682122798353
1718	0.0249187813049176
1719	0.024913318273121966
1720	0.024855275984442964
1721	0.02483072942432235
1722	0.024775350505569595
1723	0.024723221825299298
1724	0.024671722134963055
1725	0.02463053581992308
1726	0.024614486591979692
1727	0.02455492851511623
1728	0.024583246325814375
1729	0.024476236658438365
1730	0.024440139782013745
1731	0.024393276278407382
1732	0.024353773987227996
1733	0.024317702222052255
1734	0.024278197673822787
1735	0.024270591456127658
1736	0.024186338243418797
1737	0.024162152782306757
1738	0.02410563369810321
1739	0.02410089395082551
1740	0.02404123451311365
1741	0.0239778087318669
1742	0.023987416226555064
1743	0.023916134916902382
1744	0.023888455844254725
1745	0.023811571245283943
1746	0.023790710985214628
1747	0.02375074173598957
1748	0.02370279798153692
1749	0.023686588886572116
1750	0.02362026281078991
1751	0.023599939161045275
1752	0.023551250040241438
1753	0.023510686769339248
1754	0.023468666465640983
1755	0.023444889028314077
1756	0.023437309450371827
1757	0.0233660992315669
1758	0.02335894865236621
1759	0.02329152894516439
1760	0.023233009751371127
1761	0.0231910152582976
1762	0.023176258884371196
1763	0.023132315863431216
1764	0.02309491050957902
1765	0.02307578963945722
1766	0.02302534318951447
1767	0.023003020469165338
1768	0.022975062746388098
1769	0.022911604392920903
1770	0.022876646185836836
1771	0.0228579553455257
1772	0.022879638087051603
1773	0.022772345115251363
1774	0.022720316087731778
1775	0.022735867678388273
1776	0.022713805881732555
1777	0.022669081198627115
1778	0.022604193681728037
1779	0.02253769849185062
1780	0.022520239895525408
1781	0.02249760601970476
1782	0.02246245973305276
1783	0.02246496767330134
1784	0.022412818310440334
1785	0.02234802465304527
1786	0.02231612958568383
1787	0.022262338361956024
1788	0.022236982010016754
1789	0.02219579658066595
1790	0.02218076218929405
1791	0.022146816758176154
1792	0.022128857716804014
1793	0.02206434779385777
1794	0.022033285929350072
1795	0.02199916472665022
1796	0.02198246906048038
1797	0.021932149743441764
1798	0.021949772781433556
1799	0.02185937558284569
1800	0.02184633588334353
1801	0.02181352878960698
1802	0.021769385566763822
1803	0.021723585090460802
1804	0.021716188391245117
1805	0.021663330932448214
1806	0.021623533806771393
1807	0.02158761495438834
1808	0.021564244701562683
1809	0.021530870474402056
1810	0.02149128602494323
1811	0.02146312514025867
1812	0.02143036671186214
1813	0.02141790362485016
1814	0.021372215993426858
1815	0.021363367306890157
1816	0.02130835918315723
1817	0.021274637391390534
1818	0.02127369028888491
1819	0.02119716307649107
1820	0.021224828256778152
1821	0.02115783131570554
1822	0.02112415214349491
1823	0.021077381433518307
1824	0.02105551853399852
1825	0.021020450684081433
1826	0.02100836206406629
1827	0.020958511848193445
1828	0.020958556608430684
1829	0.020894821748487828
1830	0.020889591274729648
1831	0.020836628570893627
1832	0.02079496028725724
1833	0.020774561889627834
1834	0.020763465690209447
1835	0.02070996440312241
1836	0.02070008618448671
1837	0.02065208480230754
1838	0.02064130204813496
1839	0.020584844516402544
1840	0.02055452631971973
1841	0.02052625694321299
1842	0.020508461993559088
1843	0.020467127812002942
1844	0.020437002661444652
1845	0.020407364060416516
1846	0.020427486911926307
1847	0.020388434210429747
1848	0.020330874670166588
1849	0.02028757979286594
1850	0.02030679907233312
1851	0.02026755332913812
1852	0.020243523006017967
1853	0.020185460497783157
1854	0.02013805674342919
1855	0.020122818934526533
1856	0.020123347401882187
1857	0.020059686417466478
1858	0.02004261671969851
1859	0.020012588771945665
1860	0.01999546522956954
1861	0.019994655100425387
1862	0.019914957170054298
1863	0.019930695912174695
1864	0.0198621301188126
1865	0.019828604284595944
1866	0.01981224265590918
1867	0.019769749945372117
1868	0.019746365201951773
1869	0.019758300665467268
1870	0.01968399677506158
1871	0.019698531545956962
1872	0.019642750851353225
1873	0.019615798846231023
1874	0.019574104646912612
1875	0.019553257367475423
1876	0.01951596853726414
1877	0.019496864688342778
1878	0.019486325883240813
1879	0.01946753616111883
1880	0.01941426903481247
1881	0.01939086816908366
1882	0.01937448071173147
1883	0.019340105425588165
1884	0.019316345595599388
1885	0.01928396364016222
1886	0.019252768599143103
1887	0.019226502015138144
1888	0.01923378152489136
1889	0.019185248217664232
1890	0.019172939869620813
1891	0.01912432082205882
1892	0.01909541617922125
1893	0.019080923828956885
1894	0.019077419207523493
1895	0.0190221389438761
1896	0.018994398482484305
1897	0.018983551238996994
1898	0.018967487105368157
1899	0.018915117307036357
1900	0.018898032802309967
1901	0.018879392785285987
1902	0.01885015203425747
1903	0.01881347587390023
1904	0.018797167956162167
1905	0.018768161445165323
1906	0.018756135288042017
1907	0.018752433830713146
1908	0.01869017605580438
1909	0.018687751306261227
1910	0.01865366776810922
1911	0.018630841313179512
1912	0.01862417455780296
1913	0.018574533870585212
1914	0.01853942051875764
1915	0.01852599816918125
1916	0.01849220068243988
1917	0.01846342204684789
1918	0.018437244584793445
1919	0.018416907237599256
1920	0.01841877643392765
1921	0.018373212760113167
1922	0.018345648044484193
1923	0.018325009653241985
1924	0.018289154112335292
1925	0.018295384445556784
1926	0.018236932090911154
1927	0.018220378294005888
1928	0.018198146634055008
1929	0.01817907653029007
1930	0.018171834405418127
1931	0.01812859149231999
1932	0.018141210733452175
1933	0.018086165794736153
1934	0.018056699773788463
1935	0.018055214764863804
1936	0.018013420116025053
1937	0.01798858471153529
1938	0.01798005443611468
1939	0.017936703061125277
1940	0.01792745131327032
1941	0.017892964601688058
1942	0.017895535338500215
1943	0.01784097746695408
1944	0.017821428446305798
1945	0.017791433706007526
1946	0.017772874143996344
1947	0.017761792594980876
1948	0.01773264214928394
1949	0.017713887826838165
1950	0.01770057618812796
1951	0.017671208949748968
1952	0.017656811438051007
1953	0.017621878906913694
1954	0.017620905314527396
1955	0.017584488555250407
1956	0.017579110942543212
1957	0.0175610768290881
1958	0.017507582354442577
1959	0.017484299696061186
1960	0.017467825692488476
1961	0.017454080286654773
1962	0.017418795439505398
1963	0.017397231080811953
1964	0.017391047977283997
1965	0.017354500697147314
1966	0.017327432976407462
1967	0.01730846414735199
1968	0.017313052277142846
1969	0.017273663026431702
1970	0.017241112265301572
1971	0.017213163998120305
1972	0.017195719470864273
1973	0.017174136345337494
1974	0.017160984075195947
1975	0.017139160564468726
1976	0.01712855122429904
1977	0.017094434008414407
1978	0.01707265308068889
1979	0.017055636226505848
1980	0.01702575637271574
1981	0.017030856177681835
1982	0.016990996714174825
1983	0.016962849535615224
1984	0.016945847562551186
1985	0.01694107840363421
1986	0.016899722418561892
1987	0.016900471096508284
1988	0.016888261541945976
1989	0.016851626861147898
1990	0.01682702593440534
1991	0.01679754083824214
1992	0.016777847429913305
1993	0.016766252545623608
1994	0.016740131511383538
1995	0.016711846166445145
1996	0.016696974936001436
1997	0.016692710897934296
1998	0.016661769726754254
1999	0.016637617594387578
2000	0.01661380338947239
2001	0.016602781214015372
2002	0.016567667247046038
2003	0.016550529088160567
2004	0.016549965000566567
2005	0.01651962415880844
2006	0.016511466295421655
2007	0.01647538389441064
2008	0.016486703776460263
2009	0.016437360050523687
2010	0.01642170378286269
2011	0.016394083185211763
2012	0.016373567393170335
2013	0.016359064784609016
2014	0.016335677847236857
2015	0.01631473298207237
2016	0.01632337798890824
2017	0.016303163873989827
2018	0.016263633860827655
2019	0.01623731007404536
2020	0.016235290197880604
2021	0.016206711132115647
2022	0.01618727254378422
2023	0.016180988283275827
2024	0.01614706776061385
2025	0.01612099461319252
2026	0.016124690566524016
2027	0.016096283468959086
2028	0.01608346124297638
2029	0.016078101330212737
2030	0.016034351098665037
2031	0.016002094741890904
2032	0.016000912320534993
2033	0.0159737654699591
2034	0.015965872402280853
2035	0.015937381369929088
2036	0.015913075585345868
2037	0.015893052182373406
2038	0.015895374835241657
2039	0.015858898231814758
2040	0.015856711602730614
2041	0.01583134481146739
2042	0.01581728113914932
2043	0.015800346072651912
2044	0.015766488230938035
2045	0.015756386925800607
2046	0.01573416035635764
2047	0.01571094719787538
2048	0.015715335680089596
2049	0.0156685219122297
2050	0.015682754838181996
2051	0.015634775187444026
2052	0.015621936967350033
2053	0.015600149319113
2054	0.015590801091699132
2055	0.015566243065271948
2056	0.01556565910187697
2057	0.015532394219802237
2058	0.015522271054422321
2059	0.015500641124627706
2060	0.015480460433085451
2061	0.01547704505137089
2062	0.015465504545456962
2063	0.015426977345657244
2064	0.015409149883296136
2065	0.015395366373745448
2066	0.015364913103516592
2067	0.015356579940925675
2068	0.015344439351760398
2069	0.01533749425016778
2070	0.01531233649926861
2071	0.015283696896817408
2072	0.015267730957671073
2073	0.015263274765370857
2074	0.015237522680481896
2075	0.015220014926691061
2076	0.015196340451547115
2077	0.01518716653067962
2078	0.015168966938338005
2079	0.015151003657079231
2080	0.01514946534897417
2081	0.015109394484261273
2082	0.015088779625099752
2083	0.015080396537173201
2084	0.01508549671204282
2085	0.015044899841032437
2086	0.015038184605020537
2087	0.015039789557919635
2088	0.015015589538974378
2089	0.014981508211588862
2090	0.014962267919763857
2091	0.014954069344439632
2092	0.01492855543121833
2093	0.01491923872311976
2094	0.014892194555018078
2095	0.014871916184723444
2096	0.014881198171496123
2097	0.014854367079118028
2098	0.01483849133373371
2099	0.014824589171018622
2100	0.01479910407630328
2101	0.01478841405267369
2102	0.014773614339704214
2103	0.01475521182818934
2104	0.014740992740300633
2105	0.014742787232603765
2106	0.014695926579505003
2107	0.014694162004273679
2108	0.014669665870485465
2109	0.014653523650319772
2110	0.01463658834194412
2111	0.014618210947496792
2112	0.014612891638823827
2113	0.014594244448882049
2114	0.014572781487619046
2115	0.014560136931048634
2116	0.014536196417545798
2117	0.014547777464679803
2118	0.014507675719401453
2119	0.014496032160122747
2120	0.014492257516033492
2121	0.014479741360226514
2122	0.01444743955451374
2123	0.014431105795594727
2124	0.014417978727322719
2125	0.014402136113181526
2126	0.014385496590054165
2127	0.01436671917165892
2128	0.01436114139361851
2129	0.01434000997322964
2130	0.014326258733488912
2131	0.014307520833814551
2132	0.014295888591536552
2133	0.01430060219306717
2134	0.014261570044816969
2135	0.014253513791613937
2136	0.014234610251821865
2137	0.014211567210425529
2138	0.014197756878075205
2139	0.014184023733446889
2140	0.014178939931166486
2141	0.014146287339221231
2142	0.01414355497900636
2143	0.01412319806590013
2144	0.014110447088558095
2145	0.014099416417286091
2146	0.014079018010922815
2147	0.014070976055444424
2148	0.014049397327539685
2149	0.014038309785375933
2150	0.014029251758932123
2151	0.014003472258522845
2152	0.013988706373972084
2153	0.013984283123860543
2154	0.01396283075093425
2155	0.013969853051852174
2156	0.013933630209650574
2157	0.013918809587073562
2158	0.013911112230740336
2159	0.013911440860079517
2160	0.013871432980612608
2161	0.013856789852271451
2162	0.013858007480509344
2163	0.013851109563072169
2164	0.013818279114294087
2165	0.01381667565588512
2166	0.013789395789907158
2167	0.013794918936551518
2168	0.01376006482522058
2169	0.013742292204536414
2170	0.013740170274523712
2171	0.013716203573091676
2172	0.01370505366945608
2173	0.013699160496790808
2174	0.0136740484045056
2175	0.013682032882584867
2176	0.013662287344275888
2177	0.013640604693102267
2178	0.01361392849935839
2179	0.013601703774112404
2180	0.01358702422932786
2181	0.013580789879498345
2182	0.013556550349280237
2183	0.013551883655283318
2184	0.013533272743955724
2185	0.013528969896359202
2186	0.013510097242264013
2187	0.013497715713031041
2188	0.013471539051623547
2189	0.013465983367365687
2190	0.013444913294636575
2191	0.013438201642997243
2192	0.013424879938231507
2193	0.013414072565575832
2194	0.013395725585058409
2195	0.013380308755477844
2196	0.013382263324887686
2197	0.013353679502147482
2198	0.013352803361686028
2199	0.01333500036063233
2200	0.01331653170103166
2201	0.01330797439615281
2202	0.01329555402889895
2203	0.013289340391113638
2204	0.013257020924519131
2205	0.01324929287675785
2206	0.013233640567992443
2207	0.013222217903881058
2208	0.013206299035507308
2209	0.01319414988297667
2210	0.01318056458860587
2211	0.013166911900452096
2212	0.013172053780385162
2213	0.013142173036430314
2214	0.013138041256717616
2215	0.013117337371506037
2216	0.013102627194811424
2217	0.013093306408939905
2218	0.013080016264461173
2219	0.013067986841603922
2220	0.013050208678797501
2221	0.013035122573068911
2222	0.013025922749945306
2223	0.013012970795781537
2224	0.013003588252240716
2225	0.012998558814604759
2226	0.012981507868424006
2227	0.012973380079758703
2228	0.012967592274845664
2229	0.012935445748514268
2230	0.012931157598142584
2231	0.012928574478987844
2232	0.012904917951328535
2233	0.012910847223548934
2234	0.012873142519353916
2235	0.012858660662077916
2236	0.012845973758985394
2237	0.012835829438898425
2238	0.012828024178964444
2239	0.012806278338872271
2240	0.012792588849365011
2241	0.012786513012807029
2242	0.01277203318354234
2243	0.012758316207468435
2244	0.012755507181262995
2245	0.012750545836466065
2246	0.012729772660906183
2247	0.012709864595320692
2248	0.012700481586415674
2249	0.01268358011756426
2250	0.012673843221440426
2251	0.012669857465894519
2252	0.012654174461250802
2253	0.01264206996478654
2254	0.012624479103708262
2255	0.012612597350692676
2256	0.012604555402318324
2257	0.012588321366152238
2258	0.012570972241603185
2259	0.012569910169574242
2260	0.012550013677380789
2261	0.012544478353979219
2262	0.012527398664910039
2263	0.012512148215529328
2264	0.012504855127473291
2265	0.01248705915493144
2266	0.012484857618676385
2267	0.01246785644388261
2268	0.012462745904587447
2269	0.01245606517019426
2270	0.01243121855215304
2271	0.012425035310024181
2272	0.012408125400136966
2273	0.01242254107630153
2274	0.012385525768386998
2275	0.012378719850097487
2276	0.012371152401486455
2277	0.012347666355685242
2278	0.012356455221750873
2279	0.012327342622359273
2280	0.012313084310824717
2281	0.012313716392970747
2282	0.012292170790466836
2283	0.012284574819009268
2284	0.01227266024539533
2285	0.012267092454922395
2286	0.012247132586754816
2287	0.012250819905061373
2288	0.012223013469394885
2289	0.012221011392341974
2290	0.012201529703994967
2291	0.012196326466632263
2292	0.012195032555882585
2293	0.012167911598971527
2294	0.012154764684966407
2295	0.012146432516437704
2296	0.012133867545591053
2297	0.012119871134060866
2298	0.012113565395653872
2299	0.01209658101978877
2300	0.012096137107915829
2301	0.012076693039994958
2302	0.012068718360026143
2303	0.012066782318260161
2304	0.012038226390522083
2305	0.012030219187712294
2306	0.012021554239306018
2307	0.01200796446236535
2308	0.011997139854019229
2309	0.01198473628366364
2310	0.0119752954521915
2311	0.011967932270328142
2312	0.011953229293145311
2313	0.011941024034102587
2314	0.01193791937546175
2315	0.011938277043103568
2316	0.011908692447033804
2317	0.011896504488083789
2318	0.011886367625683618
2319	0.011873915632464416
2320	0.011873132820579602
2321	0.01185495348847311
2322	0.011848746847405982
2323	0.011831391020169226
2324	0.01182019848084655
2325	0.011812698030078476
2326	0.011801274956143927
2327	0.01180143954357557
2328	0.011782283013617102
2329	0.011768394671627205
2330	0.011774189998345156
2331	0.011758837666878292
2332	0.011742658515003
2333	0.011729342514371112
2334	0.011712217939539978
2335	0.011699484060601565
2336	0.011692340117821304
2337	0.01169309667784457
2338	0.01167502216257993
2339	0.011668308101238381
2340	0.011646461636301515
2341	0.01163964503622338
2342	0.01163063089737541
2343	0.011628308394908173
2344	0.011614261683500389
2345	0.011605238312513306
2346	0.011604622349762162
2347	0.011577336728856526
2348	0.011568234010717781
2349	0.011556886602713878
2350	0.011547765915688624
2351	0.011536074557696015
2352	0.011528948386820226
2353	0.011515180026877594
2354	0.011505872982500588
2355	0.011491600464277036
2356	0.011484397069655674
2357	0.011485779133552662
2358	0.011469154474113688
2359	0.011453349308633485
2360	0.011465871421841505
2361	0.01143578857066812
2362	0.011429085861734752
2363	0.011409720674390318
2364	0.011400813731313948
2365	0.011395626162529208
2366	0.011386714315787552
2367	0.011381007326641485
2368	0.011364044682835505
2369	0.011357277783382148
2370	0.01134310595968627
2371	0.011351200648704127
2372	0.01132211176790056
2373	0.011309426101028263
2374	0.011303513731986278
2375	0.011297258090636983
2376	0.011288894666622484
2377	0.011291051512638081
2378	0.011274636571315663
2379	0.011258272012742931
2380	0.011247656344471361
2381	0.01123910165539186
2382	0.011227018425782068
2383	0.011222945858151655
2384	0.011202724625543692
2385	0.011200137407760383
2386	0.011185770801370494
2387	0.011191077634420501
2388	0.011166044778089444
2389	0.011160614314262128
2390	0.011148611179859536
2391	0.011137799151801223
2392	0.011133952567523704
2393	0.011129622130970877
2394	0.01110974318042688
2395	0.011105453664101227
2396	0.011090398527508833
2397	0.011077862638665708
2398	0.011067176246229245
2399	0.011061699965567013
2400	0.011050545555978303
2401	0.011050036510151927
2402	0.011029127059028193
2403	0.011023570529563442
2404	0.01101003659928767
2405	0.011006223807339338
2406	0.010994045095822812
2407	0.010993576294861097
2408	0.010976378660048807
2409	0.010966787597266374
2410	0.010959167161190272
2411	0.010955303980942487
2412	0.01093433641495583
2413	0.010925465909237429
2414	0.01092142558481649
2415	0.010914021305616679
2416	0.010913103249894123
2417	0.01089052406359779
2418	0.010886750796206235
2419	0.01087475026504516
2420	0.010860957607068213
2421	0.010856091041356446
2422	0.010843474926909891
2423	0.010831827547674606
2424	0.010828187589804132
2425	0.01081605261443582
2426	0.010817390024331172
2427	0.010811517590962973
2428	0.01078897214026659
2429	0.01078222419280812
2430	0.010772885944134575
2431	0.010761333475908486
2432	0.010752656773125568
2433	0.010755347686011616
2434	0.010747195731227963
2435	0.01072675289233513
2436	0.010714603419205607
2437	0.010705501291596342
2438	0.010702585575578044
2439	0.010690498177534622
2440	0.010678342061259236
2441	0.010672472922651173
2442	0.010664040655075327
2443	0.010652512917170774
2444	0.010653347867178194
2445	0.010637600435324353
2446	0.010626763842405955
2447	0.010627221664030313
2448	0.010605084769946647
2449	0.010599552318779753
2450	0.010594326313893149
2451	0.010584199012115611
2452	0.010577230795545532
2453	0.01057024755471615
2454	0.010558123104686222
2455	0.01055175323215573
2456	0.010540224304169194
2457	0.010529114418801767
2458	0.010522180041934417
2459	0.01050992182752392
2460	0.01050528127431539
2461	0.010497449645333404
2462	0.010492477886386338
2463	0.010483114942080922
2464	0.010468027984249697
2465	0.01045847175420838
2466	0.010449476031053763
2467	0.010441087665363967
2468	0.01044411954783239
2469	0.010426702503406115
2470	0.010425299678973843
2471	0.01040681271281463
2472	0.010401667981536728
2473	0.01039713977124876
2474	0.010386927850234434
2475	0.010376039124019684
2476	0.01036805925344206
2477	0.010358396305298497
2478	0.01035826631135289
2479	0.0103546563426611
2480	0.010343453372330402
2481	0.01033708989693376
2482	0.010314991322365656
2483	0.010304178777730422
2484	0.010300888732758804
2485	0.010290180968266524
2486	0.010282971465317413
2487	0.010274321797796642
2488	0.010266262875874961
2489	0.010264046840555057
2490	0.010246161033248252
2491	0.010239347749586677
2492	0.010238925684075164
2493	0.010225278159622977
2494	0.010219461011041995
2495	0.010216245422080057
2496	0.010212944800607459
2497	0.010191240043819844
2498	0.01018396183610795
2499	0.010176584235498934
