0	4.0443458554232725
1	3.908537911173709
2	3.79141644932473
3	3.690336735365853
4	3.602977134826252
5	3.527475082799045
6	3.4622396572953047
7	3.4058358665049777
8	3.357052667679057
9	3.314892400958602
10	3.2784420866883983
11	3.246906945365173
12	3.21965300672536
13	3.196056881510815
14	3.175625356923287
15	3.1579238446365254
16	3.142552588440074
17	3.1292393390557045
18	3.117675862104865
19	3.1076114781283506
20	3.098839379493529
21	3.0912300934356924
22	3.084580695976399
23	3.0787602692734106
24	3.073705633052254
25	3.0692567465917477
26	3.0653837935201174
27	3.061986323212112
28	3.0589816779030166
29	3.0563681596936534
30	3.0540460250099013
31	3.0519924194471355
32	3.050204942553652
33	3.04858889791792
34	3.0471940057592994
35	3.045941223488212
36	3.044826394372444
37	3.0438242298991582
38	3.0429388873815095
39	3.04212617846959
40	3.041428678697177
41	3.0407808672013354
42	3.040189565584052
43	3.0396697113977402
44	3.0391791985629273
45	3.03873927281556
46	3.0383240122025885
47	3.037946485886964
48	3.037603013727529
49	3.037285611268752
50	3.036976506816215
51	3.0366670848518047
52	3.036407011367521
53	3.0361271641757868
54	3.0358764411555725
55	3.0356117125024493
56	3.0353761605156473
57	3.0351266554348753
58	3.034887632107978
59	3.034656600654471
60	3.034417810025719
61	3.0341658920954035
62	3.0338966323740726
63	3.0336516553337556
64	3.033397929861541
65	3.0331323480157937
66	3.032855358778256
67	3.0325510096720913
68	3.032260899571842
69	3.0319645460082305
70	3.0316456156950577
71	3.031320064429207
72	3.0309710522522018
73	3.03061799819737
74	3.0302415379979557
75	3.0298426784476895
76	3.029419818402094
77	3.0289942058536212
78	3.028541605671907
79	3.0280668595294284
80	3.0275785835740363
81	3.027042948579984
82	3.0264929940888265
83	3.0259135653884504
84	3.0252934340981184
85	3.024644694004987
86	3.023974915977189
87	3.023255007558351
88	3.0225071023279693
89	3.0217040992167674
90	3.0208718388399736
91	3.020003991930304
92	3.0190745895273388
93	3.018095836596656
94	3.017068725832725
95	3.015967057858848
96	3.0148239737524816
97	3.013628296117171
98	3.0123440620235034
99	3.0110004620068755
100	3.009597301252712
101	3.0081125477838038
102	3.0065498739255974
103	3.004885746196874
104	3.0031473946761396
105	3.0013148716794102
106	2.9993764551894135
107	2.997341947745552
108	2.9951844408353123
109	2.99294385141135
110	2.9905628224479304
111	2.9880595304881648
112	2.985408065777402
113	2.9826343481553206
114	2.9797322998651783
115	2.976637782371628
116	2.9734260471526928
117	2.970013822733967
118	2.9664638908698278
119	2.9627076318783314
120	2.9587718684533075
121	2.9546147976007853
122	2.950275557136389
123	2.94572188630692
124	2.940934043624232
125	2.9359239575138822
126	2.93066985182646
127	2.9251546447556054
128	2.919359885681579
129	2.9133500178992193
130	2.906997118290707
131	2.900434036842718
132	2.893510049953666
133	2.88629144789922
134	2.878808080502617
135	2.8709929883229917
136	2.862776654337479
137	2.85433933311444
138	2.845531491798953
139	2.8363818499524416
140	2.8268953545378603
141	2.8170058585022852
142	2.806893028324414
143	2.7963752646762834
144	2.7855454580398167
145	2.7743871418014843
146	2.762823612263487
147	2.7510410796208107
148	2.738973854731645
149	2.7265610143259438
150	2.713807880816035
151	2.7008528275806585
152	2.6875833515044945
153	2.674171916958757
154	2.660651574821047
155	2.646748092578135
156	2.6327201329162797
157	2.6186492422576393
158	2.6043978808304917
159	2.5902051802756434
160	2.5759119201303164
161	2.56144241186034
162	2.5469655548762478
163	2.5326403159094655
164	2.518508724867358
165	2.5042276764400686
166	2.4901989659170973
167	2.4760561543755393
168	2.4623642445542133
169	2.4484498858414807
170	2.4351472918271204
171	2.4219298489781345
172	2.408780969658359
173	2.3960810096895435
174	2.383428738999207
175	2.371001282901102
176	2.3586008456567433
177	2.346821061475862
178	2.335301088396548
179	2.324227364345428
180	2.3131752215284402
181	2.302532352238111
182	2.2915870102110514
183	2.2813651588193222
184	2.271734255950772
185	2.2617459068056887
186	2.252488594512229
187	2.2431500210581516
188	2.233930240933178
189	2.2251484539850725
190	2.216627220426846
191	2.2084400452340147
192	2.200064660921537
193	2.192220471736554
194	2.184249833800674
195	2.1771431854500998
196	2.169549423178861
197	2.162425866585993
198	2.1554476965107003
199	2.1487910255276548
200	2.1418578728490205
201	2.135369001873252
202	2.1291622224730737
203	2.1226659167827764
204	2.11655492105184
205	2.110448127209824
206	2.104880608939231
207	2.0989520787635394
208	2.0935266288257735
209	2.0874952381481924
210	2.0823542690386945
211	2.0769985951063665
212	2.0717690232963446
213	2.0668290294786926
214	2.061545326663854
215	2.0565681360469927
216	2.0518523794099415
217	2.046826947669853
218	2.0421241307631557
219	2.037442791475185
220	2.0326682658794057
221	2.028276942813969
222	2.023519228217519
223	2.0193628874772536
224	2.014989720735035
225	2.0106648062167887
226	2.006118031821929
227	2.0023796527674476
228	1.998233325949608
229	1.9936145214962835
230	1.9897012820373376
231	1.9857762038391475
232	1.9815519495356522
233	1.9780206829823708
234	1.9741366627591446
235	1.9697496862948822
236	1.9663933738848756
237	1.9625815179213077
238	1.9585008901918743
239	1.954729630643921
240	1.9508714904129087
241	1.9474613161951173
242	1.9439648137344636
243	1.940120977627675
244	1.936278602285518
245	1.9327047874647085
246	1.92945571306789
247	1.9260926722767593
248	1.9221394694494351
249	1.9188723280678102
250	1.91568420790249
251	1.9119380957473737
252	1.9088287404471682
253	1.9052072631279608
254	1.902112580534629
255	1.8985833304975663
256	1.895277005606936
257	1.8919138082054305
258	1.8887172692335112
259	1.8856398384209652
260	1.8824243258209628
261	1.8790588297133013
262	1.8758343442380252
263	1.87286809453323
264	1.8696990573412693
265	1.8665902480959176
266	1.863264844714064
267	1.8601489795891941
268	1.8568577280376615
269	1.853956634061366
270	1.850953647203342
271	1.8481544178196274
272	1.8450132456622796
273	1.84184248832736
274	1.8388408579698319
275	1.8360730169066706
276	1.8331265732018254
277	1.8302345561511362
278	1.8274105355488819
279	1.8247307561310908
280	1.8217032613841728
281	1.818867874051103
282	1.8160613403031198
283	1.813070848128472
284	1.8102980878980892
285	1.8076843724492977
286	1.8049903554638775
287	1.8021153654233317
288	1.7995991689469686
289	1.7969180783642469
290	1.7944554496518206
291	1.7916326351878533
292	1.788826507647361
293	1.786590668587112
294	1.783976108626789
295	1.781216972400282
296	1.7785214112635175
297	1.776176288925078
298	1.7736669090064372
299	1.771170486273475
300	1.768707648121715
301	1.7664195898200608
302	1.7636303067851609
303	1.7612109049967382
304	1.7589257735545663
305	1.7565590299625964
306	1.754399987405256
307	1.7520372783000138
308	1.7495349892770629
309	1.7472077382662212
310	1.7449903773855844
311	1.7425261607213622
312	1.7405879658385457
313	1.7380268735045807
314	1.7361187800107067
315	1.7337347295647867
316	1.7317217699550724
317	1.7293786086317398
318	1.7272673233377351
319	1.725082029676535
320	1.7231412192848703
321	1.7207565527534734
322	1.718791158359853
323	1.7165993864592357
324	1.7148428364870136
325	1.7126953458431178
326	1.7106346525508598
327	1.7087733440407726
328	1.7066134419016694
329	1.7047945574915984
330	1.7025539398889407
331	1.7006896555780908
332	1.6989596140579568
333	1.6969376344908684
334	1.6948860441183338
335	1.6930789199414213
336	1.6912524983619324
337	1.6893665570828558
338	1.687593018070914
339	1.6856581944873044
340	1.6840963624995438
341	1.682155822683209
342	1.6804810452296504
343	1.6784904978084274
344	1.6767600105320475
345	1.6752636208646006
346	1.673534415939515
347	1.67174401111351
348	1.669935134329032
349	1.6683183695052177
350	1.6666689479619619
351	1.6650237330516309
352	1.6634625952490032
353	1.661596875938271
354	1.6599806322198014
355	1.6585705036447995
356	1.6568473973699533
357	1.6552656073574306
358	1.6538348518975645
359	1.652273799370959
360	1.6505553931693537
361	1.6490427434818393
362	1.6475959566680778
363	1.6459533603980798
364	1.6445477578623955
365	1.642962883557693
366	1.6414896594132535
367	1.6400919270331213
368	1.6386174654174024
369	1.6371919906773273
370	1.635855810173426
371	1.6344696665326237
372	1.633056833170029
373	1.6315466920844648
374	1.6301659906433081
375	1.6287513754256409
376	1.6273175531514883
377	1.625958710224694
378	1.624703432119774
379	1.6232859360725502
380	1.6219545156885982
381	1.6206726723036255
382	1.619500814397199
383	1.618194002186264
384	1.6168266704979084
385	1.615530816654747
386	1.614169749587429
387	1.6129001593299024
388	1.6116442187846376
389	1.61044013118134
390	1.6093288948455526
391	1.6079521413618743
392	1.6068227515508726
393	1.6055053016833902
394	1.6042795404452144
395	1.6031787816469893
396	1.601923875496115
397	1.6007312920740402
398	1.5996921461803322
399	1.598395334987045
400	1.597213419892936
401	1.596141703527119
402	1.5950760136169027
403	1.593934732967437
404	1.5926779026624391
405	1.591535813667831
406	1.5905737331859513
407	1.5894629655951715
408	1.588207984755131
409	1.5871160594107234
410	1.586181198866973
411	1.5849710078061863
412	1.583959069162547
413	1.582957042240099
414	1.5817487786224613
415	1.5806967285275788
416	1.579726880864161
417	1.5786123363898108
418	1.57767576983595
419	1.5766347253871045
420	1.575522483427287
421	1.5745253884117252
422	1.5736345786363355
423	1.5724998816235618
424	1.5716348950474996
425	1.5705070132792798
426	1.5695229349853514
427	1.5686102967223685
428	1.5676652941463152
429	1.5666737543952756
430	1.5656441491803041
431	1.5646850938372152
432	1.5638084792172386
433	1.5629159819458616
434	1.5619319387948347
435	1.5610287022855402
436	1.5600407486678267
437	1.5591220272136659
438	1.5582498312017465
439	1.5572101136713583
440	1.5563710916291786
441	1.5553971616040658
442	1.5544980705955678
443	1.5536148827216179
444	1.5527289760008967
445	1.5518258730184553
446	1.5509616137089202
447	1.5501273385083985
448	1.549267435879384
449	1.5484492352340875
450	1.5474864262142556
451	1.5467223013240428
452	1.545754171152597
453	1.5449764372469712
454	1.5441315382061176
455	1.5432839167105814
456	1.5423947318926696
457	1.5416585777757952
458	1.5407759736725448
459	1.5399655814295365
460	1.5390868965399893
461	1.5382809700314133
462	1.5374730572942448
463	1.5367167067727991
464	1.5358646059151928
465	1.535052185680096
466	1.5343252808652725
467	1.5334705805555715
468	1.5327863526612435
469	1.5319609074184128
470	1.5311222979723507
471	1.5303539208692647
472	1.5295839988340707
473	1.528867086425191
474	1.5280550379655846
475	1.5273062121323355
476	1.5266353045597745
477	1.5258333957315096
478	1.5250922732718586
479	1.5242941469632023
480	1.523612392725489
481	1.5228694937675797
482	1.5220815429682628
483	1.5213516156104259
484	1.5206793875210878
485	1.5198975575813738
486	1.51917812831765
487	1.5185160269230913
488	1.5177493977093268
489	1.5170376909696675
490	1.5163335596704792
491	1.515718174672185
492	1.514977876941005
493	1.514270273454753
494	1.5135349923505315
495	1.5128433476070298
496	1.5121994312321752
497	1.5115228994350063
498	1.5107924809377375
499	1.5101143300392599
500	1.5094415233185887
501	1.5087706532500174
502	1.5081450096608926
503	1.5074404932592413
504	1.5068174375303656
505	1.5061523634399927
506	1.505494023343032
507	1.5047898379256543
508	1.50418465268647
509	1.5035669812044345
510	1.5028390339810374
511	1.5021957995846533
512	1.5016029264407713
513	1.5009219766183524
514	1.500359872482927
515	1.4996455496123633
516	1.499017501029205
517	1.4984368326930146
518	1.4977657511310956
519	1.4971445211671015
520	1.4966029986717717
521	1.4959454602927105
522	1.495297437844707
523	1.4947572542461367
524	1.4941162169816775
525	1.493464761366662
526	1.4929041373230674
527	1.4922633902141085
528	1.4917043062918256
529	1.4911365846356481
530	1.4905408728634544
531	1.4898720224835054
532	1.4892852685192213
533	1.4886995150306284
534	1.4881185756654047
535	1.4875741867963774
536	1.4870246998978678
537	1.486445641540763
538	1.4857983179199472
539	1.4852965688122757
540	1.484650936410253
541	1.484082953115884
542	1.4835165670506207
543	1.4829525461568411
544	1.4823911425723009
545	1.4818756186094442
546	1.4813468420796159
547	1.4807184350327955
548	1.4801711869375425
549	1.4796575188106844
550	1.4790654941349741
551	1.4785228821828877
552	1.4780195848049595
553	1.477432796306143
554	1.4768967679590215
555	1.4763602217377294
556	1.4758249302948765
557	1.4753238104719937
558	1.4747594858312216
559	1.4742321570809658
560	1.4737668192059146
561	1.4732395724445984
562	1.4726886407345359
563	1.4721589917176112
564	1.4716089763688038
565	1.4711289912063719
566	1.4706113982086735
567	1.4701233933088766
568	1.4695794906693724
569	1.4690310462866552
570	1.4685570231722826
571	1.4680524537309498
572	1.4675156219843573
573	1.4670740805627007
574	1.4665105928769635
575	1.4660440177789007
576	1.4655454700556458
577	1.4650173323555302
578	1.4645595017090427
579	1.4640674401395417
580	1.4636022043602686
581	1.4630817287714033
582	1.4625616433697566
583	1.46207627106214
584	1.4615927539195872
585	1.4611173917492568
586	1.4606722120181879
587	1.4601598317000488
588	1.4597178147068166
589	1.45920787701652
590	1.4587703605174804
591	1.4583217657719785
592	1.457794738914218
593	1.4573207342097168
594	1.4569166238735574
595	1.4564228438647353
596	1.4559310490127908
597	1.4555252459201906
598	1.4550092683463502
599	1.4545508323406657
600	1.4541490645720603
601	1.4536369180283315
602	1.453239559348012
603	1.4527590450626282
604	1.4522741584503995
605	1.4518320894947987
606	1.4513780032400847
607	1.4509317878678543
608	1.450492655449008
609	1.4500518665654802
610	1.4496037358236484
611	1.4491708019068876
612	1.448758093583848
613	1.4482948118210128
614	1.4478523260790983
615	1.4474254204202701
616	1.4470232712323008
617	1.4465850346467193
618	1.446129703389435
619	1.445696238844551
620	1.4452767914418034
621	1.4448497073509938
622	1.444478419842499
623	1.444002856407549
624	1.4436327993794693
625	1.4431604288299766
626	1.4427354879866388
627	1.4423539244592416
628	1.441958083701103
629	1.4414854776311135
630	1.4410717499856407
631	1.4407160931485927
632	1.4402479664469978
633	1.4398748363113156
634	1.4394664598487086
635	1.439031126539825
636	1.4386485623651604
637	1.4382133869209328
638	1.4378662872827732
639	1.4374082782883049
640	1.4370161323355766
641	1.4366391185341065
642	1.4362658226822378
643	1.4358681477820445
644	1.4354170423370407
645	1.4350222960072987
646	1.4346648866658342
647	1.4342434519254077
648	1.4338825617648558
649	1.433487289667456
650	1.4331042581434994
651	1.432717167044434
652	1.4323026064266353
653	1.4319466049090648
654	1.4315365107551883
655	1.4311745457263076
656	1.4307736344261808
657	1.4304142913979596
658	1.4300404674288203
659	1.4296625848689823
660	1.4292515215552624
661	1.4289098989146443
662	1.428507418246223
663	1.4281373510520328
664	1.4277656988386438
665	1.427420484267967
666	1.4270508612980213
667	1.426648017942692
668	1.4262801413748871
669	1.4259475933490355
670	1.4255759132423256
671	1.4251919566177729
672	1.4248204544747063
673	1.4244670921865943
674	1.4241311111143624
675	1.4237461939394067
676	1.4233788837775818
677	1.4230718721049052
678	1.422696603899543
679	1.422334355136629
680	1.4219577726455932
681	1.4215983205228575
682	1.4212785902259406
683	1.4209027551037763
684	1.4205496368222374
685	1.420220299871503
686	1.4198708318240991
687	1.419529328652805
688	1.4191823068027527
689	1.418812756084074
690	1.4184918591587952
691	1.4181414317391972
692	1.4178212524870255
693	1.4174359227448519
694	1.4171212227294112
695	1.4167977192873034
696	1.4164156229359242
697	1.416077406001512
698	1.415765942841306
699	1.4154036759415614
700	1.415088529930574
701	1.4147342186476197
702	1.4144264994548807
703	1.4140621600086578
704	1.4137562069225607
705	1.4134476180827158
706	1.4130951040949382
707	1.41274657615425
708	1.4124128509608598
709	1.4120919427763299
710	1.411791344784799
711	1.4114408091634667
712	1.4111418697368627
713	1.4107931775536504
714	1.4104644268352104
715	1.4101426618463804
716	1.4098528745307235
717	1.409510992187332
718	1.4091922417000453
719	1.4088743775471297
720	1.4085573613913174
721	1.4082318738428579
722	1.4079223726389274
723	1.4076477203702342
724	1.4073176612112286
725	1.4069738337234718
726	1.4066921300327757
727	1.4063804796227262
728	1.40606978092334
729	1.405729557709516
730	1.4054505998875557
731	1.405142361297634
732	1.4048047214782238
733	1.4045284937700981
734	1.4042163899430034
735	1.4039320460345708
736	1.4036061422933137
737	1.403308516956584
738	1.403020661524637
739	1.4027183741151674
740	1.4023783690881626
741	1.4020721418080555
742	1.4017960214284817
743	1.401473739541891
744	1.4011993032021803
745	1.4009226624454922
746	1.4006113567311016
747	1.400292168659076
748	1.400020405460736
749	1.3996968248490997
750	1.39940956230952
751	1.3991401008715059
752	1.398824935494388
753	1.3985711788142217
754	1.398236888853948
755	1.3979472354596307
756	1.3976583986451316
757	1.3973765153895203
758	1.3970891259964096
759	1.3968025749963755
760	1.3965392340489644
761	1.3962475442767375
762	1.395949496474596
763	1.395678864043729
764	1.3954154593486618
765	1.3950994285054907
766	1.3948143559334447
767	1.3945367272785036
768	1.3942530489254092
769	1.3939672784198223
770	1.3937103885728113
771	1.3934192436980373
772	1.3931606266670362
773	1.3928835645392585
774	1.3925883473565
775	1.3923129587396113
776	1.3920508641003102
777	1.3917636487435945
778	1.3915026722770407
779	1.3912074974003859
780	1.3909352360254479
781	1.3906698553062615
782	1.390420555618685
783	1.390122090360455
784	1.3898740743032598
785	1.3896048958255585
786	1.3893423120735224
787	1.389087629081817
788	1.3888069843921294
789	1.3885125475314535
790	1.3882467456917542
791	1.3879816497372093
792	1.3877172443658607
793	1.38749403872126
794	1.3872172911556961
795	1.3869484524155984
796	1.3866919301273843
797	1.386443284369006
798	1.3861418748469991
799	1.3859029837568015
800	1.3856217785711777
801	1.385383669267462
802	1.3851309261058131
803	1.3848857161466015
804	1.3845943673231584
805	1.3843318306806607
806	1.384096848577458
807	1.3838412204971697
808	1.3836048285148161
809	1.3833377218229748
810	1.383083987724644
811	1.3828431915438815
812	1.3825778777426807
813	1.3823087434453067
814	1.3820537443397578
815	1.3817970806993132
816	1.3815530707141783
817	1.3813035247025012
818	1.3810876138598804
819	1.3808266035543986
820	1.3805726229742536
821	1.380310389146986
822	1.38005736468269
823	1.379837325930582
824	1.3795856124972727
825	1.3793198202449082
826	1.379095608617336
827	1.3788515312982814
828	1.3785877291795379
829	1.3783711517177673
830	1.3781121600770163
831	1.3778703121743174
832	1.377619390320997
833	1.377404918966239
834	1.3771445767086234
835	1.3769365813219794
836	1.376679312426544
837	1.376458445275347
838	1.3762200099261432
839	1.3759504710344619
840	1.3757072153202
841	1.3754801566902752
842	1.3752404581312003
843	1.3749988955251777
844	1.374763979970886
845	1.374555323585612
846	1.3743016951939864
847	1.3740876978390555
848	1.3738389344783537
849	1.3736066540328218
850	1.3733904680538946
851	1.3731529202969033
852	1.372927790273938
853	1.3726815246046704
854	1.372441958697222
855	1.3722183967561608
856	1.3719834555187607
857	1.3717802435329025
858	1.3715367810382957
859	1.3713056436387467
860	1.3710786880872798
861	1.3708522412859339
862	1.3706301831780476
863	1.370404839886591
864	1.3702063578345094
865	1.3699813097559528
866	1.3697266719142203
867	1.3695161729176832
868	1.3693097125854652
869	1.3690605630300734
870	1.3688384190758613
871	1.368631833051734
872	1.3684103618040395
873	1.3681705584149788
874	1.3679502453333754
875	1.3677303340632552
876	1.3675148276399267
877	1.3673216889106585
878	1.3670860382502434
879	1.3668550017243355
880	1.366637335085185
881	1.366432958513587
882	1.3662327382490336
883	1.3659907240528197
884	1.3657711492396925
885	1.3655682439618224
886	1.3653696758401161
887	1.3651296410632674
888	1.3649058554262545
889	1.3647270717229385
890	1.3644845895691797
891	1.36427577070429
892	1.364053729727631
893	1.3638659888468878
894	1.3636400990664264
895	1.3634435118084012
896	1.3632328526561073
897	1.3630042923029158
898	1.3627945391441547
899	1.3625853049236403
900	1.3623705529565644
901	1.362186142642285
902	1.3619779336078905
903	1.3617520746640415
904	1.3615391258069898
905	1.3613504633931137
906	1.361135816105576
907	1.3609378740482978
908	1.3607320049427698
909	1.360542801655602
910	1.3603216401758336
911	1.360099172475603
912	1.3599047523605265
913	1.3596914614269635
914	1.3595059428374412
915	1.3593189839326578
916	1.3590827399255283
917	1.3589042252998387
918	1.3586848532538283
919	1.3585114372934202
920	1.3582827776874433
921	1.358110000693891
922	1.35789981060782
923	1.3576767353904122
924	1.3575007853563392
925	1.3572960746087261
926	1.3571032695476195
927	1.3568916747747741
928	1.3566843240435515
929	1.3565101540525972
930	1.3562900069507187
931	1.3560992335790147
932	1.35590320257797
933	1.355724742749533
934	1.3555390299878556
935	1.3553282547558487
936	1.3551490185276103
937	1.3549315810191203
938	1.3547279572839455
939	1.3545573959930801
940	1.3543641710037664
941	1.3541485120178247
942	1.3539559498081855
943	1.3537866494625743
944	1.353589149205151
945	1.3533976160976833
946	1.3531993672184057
947	1.353016003192187
948	1.352808681104317
949	1.3526509511752698
950	1.352451696581835
951	1.3522496267536113
952	1.3520832042194542
953	1.3518793506648683
954	1.3516967904531256
955	1.3515184198053087
956	1.3513308203173267
957	1.351128525130577
958	1.3509249677748745
959	1.350755300070601
960	1.3505749318417895
961	1.35039854828678
962	1.3501814713091649
963	1.350012935680223
964	1.3498173590203877
965	1.3496369478161003
966	1.349452999357714
967	1.3492911585678224
968	1.3490985438943337
969	1.3489154842862465
970	1.348732823645414
971	1.3485505583161375
972	1.3483521342473563
973	1.3481648847118277
974	1.3479836138291492
975	1.3478336743531716
976	1.3476274892985445
977	1.3474726124841643
978	1.347271204714432
979	1.347112918339485
980	1.3469187612219296
981	1.3467331050948173
982	1.3465448362021708
983	1.3463972726022235
984	1.3462045769475963
985	1.3460323603246171
986	1.3458428523862667
987	1.3456618545477945
988	1.345479524875473
989	1.3453191613398436
990	1.3451325470357265
991	1.3449511579450548
992	1.3447852543891843
993	1.3446165277140523
994	1.344435237950818
995	1.3442567613195036
996	1.3440984931627327
997	1.34390866193483
998	1.3437350839504476
999	1.3435619009623894
1000	1.343392914863828
1001	1.3432203259436801
1002	1.3430598595935652
1003	1.3428963540031538
1004	1.3427243961254847
1005	1.3425527580047454
1006	1.3423514896954138
1007	1.3421964212559154
1008	1.342039979336948
1009	1.3418492841987928
1010	1.3416909416330276
1011	1.341505639854002
1012	1.3413603261977165
1013	1.3411769919516554
1014	1.341008123976108
1015	1.3408451948876805
1016	1.340661408736397
1017	1.3404878501907547
1018	1.3403256716218337
1019	1.340173833457656
1020	1.3400151452536608
1021	1.3398482451883396
1022	1.339681628272718
1023	1.3394955381876734
1024	1.3393296603605225
1025	1.339183789523305
1026	1.339018326960153
1027	1.3388531392535035
1028	1.3386590840989545
1029	1.338504143881333
1030	1.338335970421822
1031	1.3381719778546846
1032	1.338023549219317
1033	1.3378684014125668
1034	1.3376817354061719
1035	1.3375423668529531
1036	1.337350824913703
1037	1.3372036505206348
1038	1.3370319798936556
1039	1.3368798087909077
1040	1.336712765906773
1041	1.3365626475620391
1042	1.3363962521192703
1043	1.336241033317054
1044	1.3360695955687258
1045	1.3359150488695484
1046	1.3357456460075805
1047	1.335601072269707
1048	1.335421317788682
1049	1.3352906960740647
1050	1.335118324382215
1051	1.3349597270885305
1052	1.3347865502944878
1053	1.3346285961936135
1054	1.3344709528043794
1055	1.3343284488233191
1056	1.3341619360886636
1057	1.3340088420760532
1058	1.3338708309021219
1059	1.3336861283928307
1060	1.3335502620305575
1061	1.3333741044912313
1062	1.3332329997954773
1063	1.3330628600806933
1064	1.3329131053213303
1065	1.3327807686577025
1066	1.3326260346019345
1067	1.3324436840010014
1068	1.3323095213751053
1069	1.332141036161357
1070	1.3320097622273563
1071	1.331856281952142
1072	1.3316753373065806
1073	1.3315278767882317
1074	1.3313897889942752
1075	1.3312268990617924
1076	1.3310929295085439
1077	1.3309133495210226
1078	1.330761774351386
1079	1.3306379725669142
1080	1.3304685857939578
1081	1.3303177170555502
1082	1.3301670190683894
1083	1.3300346708357191
1084	1.329857034099596
1085	1.3297269409228292
1086	1.3295772189211446
1087	1.3294352605837045
1088	1.3292640691699555
1089	1.3291097972843393
1090	1.3289804417944586
1091	1.3288318394053218
1092	1.32866395555976
1093	1.3285302397334764
1094	1.3283776298483585
1095	1.3282478135522822
1096	1.3280787205604716
1097	1.327940238707294
1098	1.3277792868742149
1099	1.327638143338553
1100	1.3274865111223164
1101	1.3273599258884388
1102	1.32720845439717
1103	1.3270681195018406
1104	1.3269085602263417
1105	1.326771725183761
1106	1.3266394804580686
1107	1.3264771882588269
1108	1.326323142909338
1109	1.3261878212216596
1110	1.3260482517074326
1111	1.325895765573759
1112	1.3257607763370662
1113	1.32560319271654
1114	1.3254650787256974
1115	1.3253305429406959
1116	1.3251790938515458
1117	1.325045014788881
1118	1.3248887904833155
1119	1.3247658187208198
1120	1.3246185523444869
1121	1.3244892647696584
1122	1.3243351600245954
1123	1.3241801294430493
1124	1.3240482590546936
1125	1.3239074378033038
1126	1.323766848809843
1127	1.3236433454548782
1128	1.3234862058714696
1129	1.3233559318306811
1130	1.3232108811970638
1131	1.3230765293203077
1132	1.3229318671710664
1133	1.3227790746768016
1134	1.3226590173700568
1135	1.3225150383447248
1136	1.322381678819043
1137	1.3222380848349815
1138	1.3220916749830418
1139	1.321957823352205
1140	1.3218245037760892
1141	1.3216869620246994
1142	1.3215453652648708
1143	1.3214248620864877
1144	1.3212756375999735
1145	1.321130732381194
1146	1.3209890790361474
1147	1.3208529085867093
1148	1.3207220420848025
1149	1.3205901989936448
1150	1.320450631499809
1151	1.3203355327013904
1152	1.3201880550578389
1153	1.3200396994045884
1154	1.3199048332210959
1155	1.3197956394504897
1156	1.3196449307538645
1157	1.3195107330119686
1158	1.3193675844093948
1159	1.3192337296469674
1160	1.319125384760705
1161	1.3189918721797016
1162	1.3188333288122727
1163	1.318713486040369
1164	1.31858060053817
1165	1.318443943173934
1166	1.3183274573879256
1167	1.3181752069064547
1168	1.3180471697646314
1169	1.317906233866479
1170	1.3177877246628729
1171	1.317661247489805
1172	1.317520857729432
1173	1.3173807074421795
1174	1.3172629393088326
1175	1.3171283659563429
1176	1.3169886085188618
1177	1.3168580809400043
1178	1.3167459750659736
1179	1.3166069348342022
1180	1.3164928572197405
1181	1.316338390814886
1182	1.3162141307606305
1183	1.3161045561460636
1184	1.3159754539985666
1185	1.3158309600562896
1186	1.3157060668920535
1187	1.3155737618508794
1188	1.3154543828652354
1189	1.3153173749716558
1190	1.3151983616784797
1191	1.3150526671744345
1192	1.3149496637750597
1193	1.3148105262704814
1194	1.3146950166498255
1195	1.3145562780066382
1196	1.3144167195564973
1197	1.314314545829153
1198	1.3141635705693084
1199	1.3140424946393905
1200	1.3139289292572913
1201	1.3137978797733667
1202	1.313677058951204
1203	1.313557923270891
1204	1.313432464829626
1205	1.313307188460704
1206	1.3131629833976715
1207	1.313042083823024
1208	1.3129209164351754
1209	1.3128078917274153
1210	1.3126593357563263
1211	1.3125350070143336
1212	1.3124351279345021
1213	1.3122923039301595
1214	1.3121634719618278
1215	1.312052609390587
1216	1.3119405669175148
1217	1.3117984587550682
1218	1.3116794646416674
1219	1.3115566140263788
1220	1.3114249738277568
1221	1.3113025976058523
1222	1.311192844085202
1223	1.3110581802623118
1224	1.310953543904765
1225	1.3108193492838962
1226	1.3107050793178114
1227	1.3105712333584467
1228	1.3104588531331762
1229	1.3103377612569345
1230	1.3102079111106495
1231	1.3100994705256492
1232	1.309975419570345
1233	1.3098696330625794
1234	1.3097257253143626
1235	1.3096229519228488
1236	1.3094980138904437
1237	1.3093659619376683
1238	1.3092637131988965
1239	1.3091392444023517
1240	1.3090198087523448
1241	1.3088884774276512
1242	1.3087785329135493
1243	1.3086557443612388
1244	1.3085493573079277
1245	1.3084369519214254
1246	1.3083124079963024
1247	1.30819418443583
1248	1.3080640119239875
1249	1.3079584045272714
1250	1.307835690470166
1251	1.307705931949938
1252	1.307588411019208
1253	1.3074801664804554
1254	1.3073713244138334
1255	1.3072543451704635
1256	1.3071375205762308
1257	1.3070208968466444
1258	1.3069044405343282
1259	1.3067760967482887
1260	1.3066600302169662
1261	1.3065480497369353
1262	1.306435445750819
1263	1.3063165329250264
1264	1.3062041427838642
1265	1.3060888128971133
1266	1.305978600598222
1267	1.3058635784119281
1268	1.3057437150745677
1269	1.3056257734190888
1270	1.3055251586093801
1271	1.305392829566132
1272	1.3052823871053247
1273	1.3051643642801702
1274	1.3050682596272964
1275	1.3049435244095564
1276	1.3048179275688314
1277	1.3047043518967967
1278	1.3046027874615156
1279	1.3045003500690107
1280	1.3043694750546817
1281	1.3042516335770316
1282	1.3041506105810348
1283	1.304031122182295
1284	1.303925543318493
1285	1.3038130716941152
1286	1.303700900318282
1287	1.303599483863677
1288	1.3034738365348422
1289	1.3033532906344143
1290	1.3032504671918885
1291	1.3031526473019912
1292	1.3030189165986057
1293	1.302916401133912
1294	1.3028189506124497
1295	1.3027079859816604
1296	1.302583633164407
1297	1.3024691665021106
1298	1.3023587201845195
1299	1.302243508408012
1300	1.302138173433792
1301	1.3020348747769286
1302	1.30193551622355
1303	1.3018256967604087
1304	1.3017026163658767
1305	1.3015844216595451
1306	1.30149719439672
1307	1.3013707168215904
1308	1.3012655384276612
1309	1.3011527913455807
1310	1.3010391443066025
1311	1.3009391750277126
1312	1.300826850617847
1313	1.3007251125499937
1314	1.300605421810351
1315	1.300519274131046
1316	1.3003893352466966
1317	1.3002929317811331
1318	1.3001786445707557
1319	1.3000776773502332
1320	1.2999702505390458
1321	1.2998515518897378
1322	1.2997492526929464
1323	1.299637418870062
1324	1.2995467335448168
1325	1.2994238382148375
1326	1.2993389277179934
1327	1.2992155112864476
1328	1.2991044012428858
1329	1.2990142822247195
1330	1.2989007520556937
1331	1.2987910105799698
1332	1.2986917143625207
1333	1.2985908484781794
1334	1.2984852736287542
1335	1.2983798460109681
1336	1.2982585690154251
1337	1.2981581839768874
1338	1.2980644132235075
1339	1.2979595068388237
1340	1.2978474140803962
1341	1.2977389574680536
1342	1.297640857779003
1343	1.2975412816195342
1344	1.297421081523079
1345	1.297316990888599
1346	1.2972177727145848
1347	1.2971139348807195
1348	1.2970054985135167
1349	1.2969232108382531
1350	1.2968095132608917
1351	1.2967061669144693
1352	1.296602961915993
1353	1.2964887515102874
1354	1.2963943955593793
1355	1.29629878939986
1356	1.2961850246674835
1357	1.2960863023237765
1358	1.2959910785018802
1359	1.2958777216932047
1360	1.295781776786038
1361	1.2956772496833366
1362	1.2955777753802564
1363	1.2954759047279227
1364	1.2953679589761316
1365	1.2952827378010183
1366	1.2951812227911548
1367	1.2950745213676662
1368	1.2949786275196775
1369	1.2948612332443683
1370	1.294776525933958
1371	1.294665611331542
1372	1.2945695884413382
1373	1.2944580663889096
1374	1.2943638146884526
1375	1.2942571997569472
1376	1.2941607976157061
1377	1.294073041669181
1378	1.2939606544041173
1379	1.2938678522000957
1380	1.2937633681547898
1381	1.293661325555131
1382	1.293561818143806
1383	1.2934647814928044
1384	1.2933654789606668
1385	1.2932663050286493
1386	1.2931564520634016
1387	1.2930683005116217
1388	1.2929694741106614
1389	1.2928647073490542
1390	1.2927614628933477
1391	1.292673758729574
1392	1.2925731426880098
1393	1.292474909473235
1394	1.292383764818049
1395	1.29229097062463
1396	1.2921725450443922
1397	1.2920854419120045
1398	1.2919771541619052
1399	1.2919001453910046
1400	1.2917822501274332
1401	1.2916955421776122
1402	1.2915983930676511
1403	1.2914907523580228
1404	1.2914044888831533
1405	1.291317429431344
1406	1.2912002769476087
1407	1.2911189662518716
1408	1.2910275908540647
1409	1.2909312026480442
1410	1.2908192342837848
1411	1.2907182958533956
1412	1.290622100090383
1413	1.2905365996094442
1414	1.290450447575583
1415	1.2903496403066759
1416	1.2902389005600536
1417	1.2901539301916012
1418	1.2900682240546635
1419	1.289967850398846
1420	1.2898658963816754
1421	1.2897670665312069
1422	1.2896875941290529
1423	1.2895772629533648
1424	1.2894779520892037
1425	1.2893917015177006
1426	1.28929931635703
1427	1.2892144725621835
1428	1.2891001662461616
1429	1.2890260043990478
1430	1.2889269168766064
1431	1.2888225611362505
1432	1.2887440419131115
1433	1.2886453047567332
1434	1.2885412986754834
1435	1.2884477703337591
1436	1.2883580820659204
1437	1.288266801019058
1438	1.2881678354234958
1439	1.288085100986634
1440	1.2879772434277075
1441	1.287892605035792
1442	1.2877915470114032
1443	1.2877091792516424
1444	1.287626077839163
1445	1.287524123749187
1446	1.2874297654740634
1447	1.2873440588735388
1448	1.2872453835163427
1449	1.287149635105966
1450	1.2870679502715467
1451	1.2869715761962757
1452	1.2868844044085934
1453	1.2867862669518453
1454	1.2866910682343982
1455	1.2866052926190266
1456	1.2865083200546032
1457	1.2864208449574215
1458	1.2863215360436868
1459	1.286250123385975
1460	1.2861543675054379
1461	1.28605899863135
1462	1.2859728489645097
1463	1.2858777187827326
1464	1.2857771203873987
1465	1.2856867975846558
1466	1.285596406103973
1467	1.2855255895530806
1468	1.2854205933857537
1469	1.285330647232145
1470	1.285236293982281
1471	1.2851509448573477
1472	1.2850612343990528
1473	1.2849817012335993
1474	1.2848969930033507
1475	1.284798314508929
1476	1.2847089985831255
1477	1.2846290707666348
1478	1.2845306865160167
1479	1.2844461619902803
1480	1.2843427804597383
1481	1.2842621731598989
1482	1.2841653137294788
1483	1.284076670183524
1484	1.2840073823854774
1485	1.2839042821454942
1486	1.2838115488818713
1487	1.28372788475796
1488	1.28364975517465
1489	1.2835616706036257
1490	1.2834783986809652
1491	1.2833795720917789
1492	1.2832881322080891
1493	1.2831960839035077
1494	1.283108638397377
1495	1.2830311778194656
1496	1.2829482010268476
1497	1.2828547347482173
1498	1.2827784843093826
1499	1.2826867446287782
1500	1.2826043851747913
1501	1.2824985588632278
1502	1.2824116661986933
1503	1.2823293567283902
1504	1.282246467658812
1505	1.2821518540830037
1506	1.2820655212350642
1507	1.2819935546868209
1508	1.2819119646472168
1509	1.2818258445322859
1510	1.2817254246004819
1511	1.281649319549084
1512	1.2815680188561607
1513	1.2814678949885967
1514	1.2813874604384472
1515	1.2813001615376491
1516	1.2812163905749578
1517	1.2811257210443734
1518	1.2810440257671039
1519	1.2809694473291395
1520	1.2808843337377485
1521	1.280785043972934
1522	1.2807001579533526
1523	1.2806296411764895
1524	1.2805359568458252
1525	1.2804497199264993
1526	1.2803712093813946
1527	1.2802912707936478
1528	1.2801962529272233
1529	1.280103864153745
1530	1.2800239409531486
1531	1.2799450654344613
1532	1.2798557289594843
1533	1.2797754409097815
1534	1.2796916098180269
1535	1.2795998475137687
1536	1.2795162115643923
1537	1.2794370659602254
1538	1.2793676396885956
1539	1.2792842085176357
1540	1.2791868233319181
1541	1.279113216829811
1542	1.279020538637425
1543	1.2789330675558088
1544	1.278854459369602
1545	1.278781125375068
1546	1.2786983253409938
1547	1.2786017230697335
1548	1.2785234852455498
1549	1.2784505168866935
1550	1.2783637409294182
1551	1.2782719127584883
1552	1.2781990863600599
1553	1.2781256969424055
1554	1.2780332759871733
1555	1.2779615633442836
1556	1.2778614096379814
1557	1.2777796400205623
1558	1.2777074299800266
1559	1.277630126241477
1560	1.2775347050325627
1561	1.2774625431927575
1562	1.2773853735508505
1563	1.2772997306198224
1564	1.2772185179568547
1565	1.2771460870309024
1566	1.2770562399075438
1567	1.2769795255347818
1568	1.2768891996099472
1569	1.2768177369030378
1570	1.2767275966559435
1571	1.2766505682829197
1572	1.2765700011964496
1573	1.276489490082298
1574	1.2764091048552855
1575	1.2763288110210587
1576	1.2762485671195796
1577	1.2761684494150591
1578	1.276088383410916
1579	1.2760098333555043
1580	1.2759299148276528
1581	1.2758450987389092
1582	1.2757689081022323
1583	1.2756906919317088
1584	1.2756110559084906
1585	1.27553014838178
1586	1.2754607324190639
1587	1.2753635174743445
1588	1.2752885422869975
1589	1.275209383607479
1590	1.2751395556401046
1591	1.2750548686378584
1592	1.274975948732633
1593	1.2748971184479825
1594	1.2748148009450682
1595	1.2747318693077923
1596	1.274657603576642
1597	1.2745924729445868
1598	1.274509716656166
1599	1.2744178765060261
1600	1.274347409904086
1601	1.2742692153613508
1602	1.2741967124087854
1603	1.2741052202246657
1604	1.2740350788705364
1605	1.273966998478519
1606	1.27387150663314
1607	1.2738028865329654
1608	1.2737336852673014
1609	1.2736427292263177
1610	1.2735652220475802
1611	1.2734913732518318
1612	1.2734062458864972
1613	1.2733368025396912
1614	1.2732517800845975
1615	1.2731746371967834
1616	1.2731151157161995
1617	1.2730381194073281
1618	1.272951511132194
1619	1.2728711654174134
1620	1.2728076236939132
1621	1.2727212371697867
1622	1.2726501458949446
1623	1.2725736388583335
1624	1.272483915020504
1625	1.2724249552311266
1626	1.2723486333829552
1627	1.272264029080263
1628	1.2721788796283304
1629	1.2721160142775518
1630	1.2720441473754924
1631	1.271955084153345
1632	1.2718792498835194
1633	1.271812461328481
1634	1.2717367652860292
1635	1.2716611283616417
1636	1.2715801318269384
1637	1.271496930394033
1638	1.2714304878595364
1639	1.2713634660795903
1640	1.2712786959479514
1641	1.2712089413972831
1642	1.2711338504309686
1643	1.2710628959120183
1644	1.270979662087333
1645	1.2709035339515729
1646	1.270834111853523
1647	1.27075399321384
1648	1.2706793417201143
1649	1.2706059725697267
1650	1.2705267322216396
1651	1.2704558143392886
1652	1.2703737712004575
1653	1.2703165628211972
1654	1.270232939640838
1655	1.2701588137225923
1656	1.2700941118641726
1657	1.2700072181779372
1658	1.2699461467162487
1659	1.2698552433673835
1660	1.2697902852794813
1661	1.2697247258651527
1662	1.269647057947591
1663	1.2695604994549043
1664	1.2694911573437566
1665	1.2694135618203177
1666	1.2693490004647812
1667	1.2692798957245184
1668	1.2692106213677312
1669	1.2691374349472402
1670	1.2690643263137786
1671	1.2689912961213308
1672	1.2689143720741145
1673	1.2688362254643448
1674	1.2687726358213494
1675	1.2686906630675754
1676	1.26862718403216
1677	1.2685377642477027
1678	1.268469350327175
1679	1.2684003852439294
1680	1.2683279988679077
1681	1.2682567652688783
1682	1.2681799579459576
1683	1.2681203938019003
1684	1.2680482703805775
1685	1.2679670868780137
1686	1.2679003072376238
1687	1.2678323224371704
1688	1.2677437732163983
1689	1.2676847985680697
1690	1.2676170119701302
1691	1.2675453567283772
1692	1.2674657609252673
1693	1.2673942705803796
1694	1.2673228136794494
1695	1.2672594759945401
1696	1.2671715730741742
1697	1.2671079432304304
1698	1.2670457588584287
1699	1.266974646741894
1700	1.2668997391649377
1701	1.2668201820909544
1702	1.2667527796598712
1703	1.266687021857487
1704	1.26660769914053
1705	1.2665404054181568
1706	1.2664663032277632
1707	1.2663957403608954
1708	1.2663376468171426
1709	1.2662507325248087
1710	1.2661844730462146
1711	1.2661186727236728
1712	1.2660563442251835
1713	1.2659861694120695
1714	1.265903717492184
1715	1.2658371219221616
1716	1.2657722191235177
1717	1.2656982562234615
1718	1.2656239678932453
1719	1.2655576767590992
1720	1.2654930299594838
1721	1.2654271832291932
1722	1.2653412439765077
1723	1.2652717774923268
1724	1.2652022997903285
1725	1.2651404049600292
1726	1.2650799041348828
1727	1.2650027879485395
1728	1.2649251885055501
1729	1.264864497769083
1730	1.2647910343255506
1731	1.2647342835525768
1732	1.2646531649452513
1733	1.264584317258765
1734	1.264523954935674
1735	1.264458997835514
1736	1.264374114223152
1737	1.2643054154493185
1738	1.2642368256721888
1739	1.2641758306996291
1740	1.2641039935468172
1741	1.2640391043447492
1742	1.2639717659815801
1743	1.263899234973223
1744	1.2638345232151926
1745	1.2637589822355861
1746	1.2636991769093717
1747	1.2636227852528679
1748	1.2635548289651186
1749	1.2634953388514742
1750	1.2634352507865627
1751	1.263367490111845
1752	1.2632877605388684
1753	1.263220138278695
1754	1.2631646224094424
1755	1.2630934121002217
1756	1.263025974155728
1757	1.2629502969617312
1758	1.2628949875051738
1759	1.2628277371757552
1760	1.2627605356922946
1761	1.2626934002798964
1762	1.2626226434033463
1763	1.2625507632103092
1764	1.2624923316641374
1765	1.2624254409800875
1766	1.262354934148593
1767	1.2622799188240128
1768	1.2622092059411651
1769	1.2621499620842487
1770	1.262083375810306
1771	1.2620216525934738
1772	1.2619588284514507
1773	1.2618765690791323
1774	1.2618224058704286
1775	1.2617439494054308
1776	1.261681730114279
1777	1.2616115497825766
1778	1.2615494165804342
1779	1.26148335720859
1780	1.261425556053449
1781	1.2613596209180513
1782	1.2612889701891792
1783	1.2612279380355642
1784	1.2611540400189072
1785	1.2610964991476061
1786	1.2610187489936266
1787	1.2609689019559829
1788	1.2608916269706172
1789	1.2608295583588132
1790	1.2607641593714822
1791	1.2606996331095146
1792	1.2606382966397585
1793	1.260564952799158
1794	1.2605079096795273
1795	1.260438067049412
1796	1.260365703766975
1797	1.2603046681431338
1798	1.2602431084773216
1799	1.2601829706910068
1800	1.260121732655528
1801	1.260049426123721
1802	1.259984730932548
1803	1.2599120155654355
1804	1.2598594333114688
1805	1.2597828929217727
1806	1.2597223699878768
1807	1.2596620705885637
1808	1.2596016273984298
1809	1.2595292683247874
1810	1.2594691153208897
1811	1.259400839715778
1812	1.2593408097378327
1813	1.2592806423713054
1814	1.2592201625135182
1815	1.2591446502852137
1816	1.2590840915254262
1817	1.2590129710040094
1818	1.2589610429296283
1819	1.2588926418891373
1820	1.2588256209929218
1821	1.2587620228751888
1822	1.258702533791469
1823	1.2586310298530639
1824	1.2585675872422608
1825	1.2585160039705179
1826	1.2584561655513016
1827	1.2583814073947064
1828	1.2583142849222935
1829	1.2582663878720326
1830	1.2581958304880625
1831	1.2581401511796961
1832	1.2580690336963072
1833	1.2580027331747683
1834	1.2579476816924051
1835	1.257884827378827
1836	1.2578255105080873
1837	1.2577546989767057
1838	1.257700054168138
1839	1.257637411378083
1840	1.2575595925285838
1841	1.2575049980660076
1842	1.2574418599593131
1843	1.2573839112767953
1844	1.2573097573880871
1845	1.2572545419261076
1846	1.2572002743332367
1847	1.2571228360069586
1848	1.2570685818677954
1849	1.2570138250177538
1850	1.256936596608399
1851	1.256881677219869
1852	1.2568276921558577
1853	1.2567545381423937
1854	1.2567039933699
1855	1.2566422100196093
1856	1.2565770495782824
1857	1.256507548307622
1858	1.2564497583433523
1859	1.25638411577909
1860	1.25632252552957
1861	1.2562688278884644
1862	1.2562108056651873
1863	1.256141511480343
1864	1.256088049115289
1865	1.256019518697469
1866	1.2559576592620703
1867	1.2559009426015404
1868	1.2558320402689938
1869	1.2557709866627902
1870	1.2557061308618653
1871	1.2556567859948715
1872	1.2555958786692665
1873	1.255531159593979
1874	1.255469753334677
1875	1.2554018497190516
1876	1.2553527502171224
1877	1.25528438911477
1878	1.2552315423373477
1879	1.2551671823648805
1880	1.2551060091243482
1881	1.2550461279713114
1882	1.254978046718968
1883	1.254925336096289
1884	1.2548644352802922
1885	1.2547970776151904
1886	1.25474459419024
1887	1.2546767950892566
1888	1.2546315840051943
1889	1.2545714997101398
1890	1.2545114801885373
1891	1.2544515383800003
1892	1.2543844820662173
1893	1.2543208053957815
1894	1.2542572156037772
1895	1.2542121871384972
1896	1.2541453788187733
1897	1.2540895549443967
1898	1.2540255919926127
1899	1.2539665883456286
1900	1.253914160364013
1901	1.2538470177429102
1902	1.2537876088269464
1903	1.2537249588277728
1904	1.2536695094277892
1905	1.2536097400714845
1906	1.2535511006810478
1907	1.253498968350271
1908	1.2534327972889454
1909	1.2533732259595134
1910	1.2533109157126534
1911	1.2532628588845691
1912	1.2531931061922426
1913	1.2531380581463558
1914	1.253082975194478
1915	1.253019914573648
1916	1.2529654643515067
1917	1.2529068072125087
1918	1.2528481974515926
1919	1.2527820836584023
1920	1.252727269811399
1921	1.2526758064803913
1922	1.2526141062934024
1923	1.2525514195708087
1924	1.25249360550123
1925	1.252439108289368
1926	1.2523841324324323
1927	1.2523227085348723
1928	1.252267819853881
1929	1.2522021902781777
1930	1.2521516535707327
1931	1.252090430295636
1932	1.2520212526926613
1933	1.2519746496906037
1934	1.251912484348853
1935	1.2518621533036347
1936	1.2518043495359221
1937	1.251735911040993
1938	1.2516889506660123
1939	1.2516238456578987
1940	1.2515667599692433
1941	1.2515018195179979
1942	1.2514555896547102
1943	1.251394349751384
1944	1.251340655302012
1945	1.2512790568043508
1946	1.2512291458673945
1947	1.2511719110817856
1948	1.2511003636858555
1949	1.2510432631348267
1950	1.2509936408155158
1951	1.250936631805059
1952	1.2508791887749569
1953	1.2508221320110122
1954	1.2507656754702676
1955	1.2507051732474759
1956	1.2506557839080272
1957	1.2505879013973789
1958	1.2505386482531016
1959	1.2504857269291856
1960	1.2504321471835713
1961	1.2503755561459906
1962	1.2503158313263425
1963	1.2502592231190282
1964	1.2501990452906058
1965	1.2501353092248053
1966	1.250078772550318
1967	1.2500262346121254
1968	1.2499662724928045
1969	1.2499240786240353
1970	1.2498574031444056
1971	1.2498012858135437
1972	1.2497523903667753
1973	1.249699403817835
1974	1.2496433527555766
1975	1.2495801281673724
1976	1.2495282562737418
1977	1.2494723838201791
1978	1.2494128539003806
1979	1.2493565737431298
1980	1.2493080482837824
1981	1.2492419002286548
1982	1.2491893767320135
1983	1.2491337312121087
1984	1.2490822320981618
1985	1.2490266979018243
1986	1.2489743290977822
1987	1.2489085039480383
1988	1.2488562705782438
1989	1.2488009106365558
1990	1.2487424086772174
1991	1.2486907407921677
1992	1.2486282675725755
1993	1.2485803474899397
1994	1.2485319620560056
1995	1.248469704601391
1996	1.2484077917753207
1997	1.2483667919955144
1998	1.2483015176283714
1999	1.2482429341940655
