0	4.140489838629506
1	3.8647743672432155
2	3.4780503901728888
3	3.2638004222425243
4	3.1716036600458923
5	3.155263879633672
6	3.131646042742729
7	3.1080624465681126
8	3.0799711575989437
9	3.060931259188864
10	3.0580631938950766
11	3.039141123880423
12	3.010901600270799
13	2.98026618095867
14	2.9603220557215857
15	2.9581796631194774
16	2.927818502475687
17	2.9198315622969044
18	2.889935653903353
19	2.874195209307473
20	2.852735439764194
21	2.8236426634139846
22	2.808144042175578
23	2.7770979070106288
24	2.746836600736192
25	2.7398501868136833
26	2.6848327663620903
27	2.6683836560986673
28	2.618946588450789
29	2.6069121334837817
30	2.5451002825553224
31	2.5133792376225736
32	2.4763283643952922
33	2.4295379204344254
34	2.3865870759232277
35	2.342765340674148
36	2.3028055391787356
37	2.255588841154869
38	2.202331478035528
39	2.162528150924679
40	2.099222514021901
41	2.063345770608621
42	2.0156954923834705
43	1.9716995386048468
44	1.9102143054046798
45	1.8827304864104313
46	1.824532649206934
47	1.7858589806744272
48	1.7438822126886446
49	1.705774941884917
50	1.6702414687560734
51	1.6351650770734163
52	1.618924877456533
53	1.566747680767656
54	1.5455134176408543
55	1.520776641608025
56	1.489226498636984
57	1.4726759655259967
58	1.4389388231306197
59	1.4221929057226594
60	1.3982723073451178
61	1.3787620883767175
62	1.3545505389207846
63	1.3425848275166392
64	1.3159286269595507
65	1.3028635744340198
66	1.2872345243275656
67	1.259313915836661
68	1.2475546148738157
69	1.2356869954924041
70	1.2178845414696822
71	1.1907532487375432
72	1.1715913377764293
73	1.1629613547195974
74	1.140260394877702
75	1.121450580260642
76	1.107491747498743
77	1.0871617582936448
78	1.0760488777375405
79	1.0560816586556654
80	1.0406355429098535
81	1.0311618586841118
82	1.01225031994777
83	0.995962830373366
84	0.9764369334515545
85	0.9695210879720508
86	0.9479644309774645
87	0.9345637755640083
88	0.9266087211427737
89	0.9135481903234062
90	0.8971138369206088
91	0.8833506872014343
92	0.8751568743247223
93	0.8611294148665879
94	0.8456107181849426
95	0.8338255509469982
96	0.827637792450495
97	0.8142476240636972
98	0.8033047907502755
99	0.7895447913596083
100	0.7805818786637275
101	0.7721696955191346
102	0.759596772544204
103	0.7525052453858561
104	0.740035448428012
105	0.7340995958324465
106	0.7245326547051156
107	0.7133631717287783
108	0.7050094817042384
109	0.6944091879808121
110	0.6858708634248736
111	0.6790498161782662
112	0.669419239143806
113	0.6614935287058114
114	0.6547905715315825
115	0.6486856213261427
116	0.6391763631091067
117	0.6320732493947862
118	0.624447995955965
119	0.6189992946090415
120	0.6112842137415512
121	0.6033948891229642
122	0.5973811169976792
123	0.5914348667425084
124	0.5849133056040321
125	0.5765851847971966
126	0.5722893634498022
127	0.5644582849587121
128	0.5588346752524818
129	0.5520552581104156
130	0.5499245288287322
131	0.5432003403156284
132	0.5356398062363353
133	0.5327635030184898
134	0.5251952790819134
135	0.519089954940805
136	0.5147815958357354
137	0.5093142544080821
138	0.5049899737367417
139	0.49908225152243824
140	0.4939615213928632
141	0.48925741925008603
142	0.4873886868037277
143	0.48003085815101204
144	0.47628425941168984
145	0.4708030383484206
146	0.4667884507647211
147	0.4623020771924334
148	0.45875103787362753
149	0.4546758707314841
150	0.45104706653896953
151	0.4453923616435018
152	0.4416869112089619
153	0.4382662519238313
154	0.4343815000221046
155	0.4297908128770228
156	0.42598310382862037
157	0.42280928722502054
158	0.4185563881490274
159	0.4151089977310528
160	0.411245221285633
161	0.40794971703720245
162	0.4046326638370124
163	0.4010501673050415
164	0.3979405029795047
165	0.39467623589778006
166	0.39070545356849934
167	0.38866200746513957
168	0.38489583888603746
169	0.38140956464649817
170	0.3792825527829339
171	0.37538322029727833
172	0.3727609898040498
173	0.3697345294686358
174	0.36661750201099014
175	0.3640094578100245
176	0.3620209831751491
177	0.358991259832621
178	0.35545427564725857
179	0.35302417808228514
180	0.35020706706223176
181	0.3485980819432365
182	0.34508600186384175
183	0.34233123108931646
184	0.33980215285730553
185	0.33765335095137133
186	0.3346200980048962
187	0.3323975443278307
188	0.3298257832311161
189	0.3275549747571854
190	0.3251509176284031
191	0.3229416846557971
192	0.32099714666161616
193	0.31872342940763704
194	0.31605880644356354
195	0.31374874207479575
196	0.3120040137791583
197	0.3094528344069569
198	0.3072625190239656
199	0.3057588727133034
200	0.3033524812128029
201	0.301780999867905
202	0.2992018284993411
203	0.2985059970444325
204	0.2956645922945404
205	0.2935201589577
206	0.29179637079428
207	0.29045405827698306
208	0.287896849903773
209	0.28573394316183304
210	0.2839870593313219
211	0.28189466789021705
212	0.2804690642104215
213	0.2784749157973291
214	0.2774164514475207
215	0.2747230301193312
216	0.27350062169206774
217	0.27190808973821323
218	0.2698055342007005
219	0.26842254803030446
220	0.2668379657189699
221	0.2651751328166393
222	0.2634351762172581
223	0.26198970110276093
224	0.2604378205803881
225	0.25916367729732137
226	0.257741822775274
227	0.2559385712827951
228	0.254460727070122
229	0.2527629393095288
230	0.2510110859219633
231	0.24975658610135212
232	0.2483232247268874
233	0.2468349118708514
234	0.24555124424057204
235	0.24453868544250013
236	0.24342058316103032
237	0.24129050564261842
238	0.24014591365053875
239	0.23855453726366646
240	0.23770865278518655
241	0.23621257433649717
242	0.23501085835516364
243	0.23366945238400827
244	0.23226559959898846
245	0.2312596822731277
246	0.22950398798594923
247	0.22867157010002484
248	0.22729876333440363
249	0.2267768722346824
250	0.22473949454068576
251	0.22370761057341232
252	0.22278697625081056
253	0.2213663397499732
254	0.22010297212400293
255	0.21897513060966806
256	0.2177866303701452
257	0.21674033315732014
258	0.2153607183810398
259	0.21456306372196554
260	0.21329781456463925
261	0.21253684909145987
262	0.21112856344442948
263	0.21007223657875296
264	0.20937794558524944
265	0.20832809238267072
266	0.20696565122732377
267	0.20630102285044433
268	0.20524259837685824
269	0.20406387857182545
270	0.2034477683590015
271	0.202024538430295
272	0.20131936502140754
273	0.20012302372674337
274	0.19916059036096795
275	0.19840312637068916
276	0.1971973294768549
277	0.19684632063915733
278	0.19543523237709362
279	0.19449448390019858
280	0.19373390387058168
281	0.1931536177114561
282	0.1920704246871519
283	0.1911104471880003
284	0.18996429268962822
285	0.18918523737022597
286	0.18852687872252707
287	0.18745778359147725
288	0.1865894702220108
289	0.18608245943401164
290	0.18506141173565066
291	0.18447732055739596
292	0.18347770502373942
293	0.1824770145450946
294	0.18166379486230652
295	0.18098667205135524
296	0.18011307894137008
297	0.1793925156086842
298	0.1784662564704766
299	0.17772910684368706
300	0.17698935416317418
301	0.17636662037655962
302	0.17564491953532185
303	0.17488259255977612
304	0.1738987168261811
305	0.17321168556176111
306	0.1724043043826608
307	0.1718518744556848
308	0.1711558994302356
309	0.17038055326044688
310	0.1698477285067232
311	0.1689223104325281
312	0.1683392020353048
313	0.16793295667158142
314	0.16696913652511763
315	0.16630483549413205
316	0.16556335513531106
317	0.16496458247019113
318	0.16427277241608906
319	0.16370713268860732
320	0.16293428099359425
321	0.16228221545499188
322	0.16182573790833873
323	0.16124783999216688
324	0.16028240002422384
325	0.1597135659190672
326	0.1590192427907376
327	0.15840623733157175
328	0.15799075690586092
329	0.15730694524193567
330	0.15658089668746747
331	0.15616139781912453
332	0.1553414964345101
333	0.1550146839791246
334	0.15423679665681617
335	0.15356801236827536
336	0.15311902021426382
337	0.1524351488427754
338	0.15204179412283225
339	0.15138428631691533
340	0.1507447844801974
341	0.15018878847885067
342	0.14983455108629928
343	0.14913753737279703
344	0.14878022080909584
345	0.14819463704576083
346	0.14759499675153256
347	0.14703844690667373
348	0.14634274130626787
349	0.14582140272955776
350	0.14537566528879414
351	0.14468566903822822
352	0.1443416050641252
353	0.14366560760142158
354	0.14346057286387123
355	0.14282653250874172
356	0.14227622742456586
357	0.1418277973609806
358	0.14135504075484373
359	0.14083957270496764
360	0.14036207190901034
361	0.13984796399337462
362	0.13923095780831987
363	0.13893670047024614
364	0.1383032232439061
365	0.1379668686197889
366	0.13733192875273753
367	0.1368315936603962
368	0.13644345402682723
369	0.13589997472342552
370	0.13546574889773624
371	0.1352583747192204
372	0.13470630068982914
373	0.13416062932742284
374	0.13367309392967208
375	0.13322369331398837
376	0.13284123333909154
377	0.1323660139366112
378	0.13209771174190046
379	0.13151272922281237
380	0.13115512149604197
381	0.1306018904063539
382	0.13036550242894623
383	0.12981564346073957
384	0.12937919830816288
385	0.12890705376187223
386	0.1286285979761944
387	0.1280916690828011
388	0.12773432753171124
389	0.12722276090287551
390	0.12688071000268591
391	0.12639235757105793
392	0.1261008365509061
393	0.12562918826322
394	0.12533455219078732
395	0.12489229568035193
396	0.12450097111661987
397	0.12399752976027266
398	0.12376772505449568
399	0.12330930270106209
400	0.12287631124724677
401	0.1225389741512091
402	0.12216462199159078
403	0.12177309475146292
404	0.12167310249160782
405	0.12106781733238677
406	0.12070757654531551
407	0.12036420301209155
408	0.11990983024907947
409	0.11968200446275296
410	0.11920930301756757
411	0.1188120830483003
412	0.11861185957515366
413	0.11818399807280816
414	0.11782734826987193
415	0.117412455364884
416	0.11720808878024214
417	0.11685200245844889
418	0.11644341857121106
419	0.11618357016300437
420	0.11563392189027788
421	0.11541037520079714
422	0.11501837235424248
423	0.11484889485633101
424	0.11440098206695971
425	0.1140163788591069
426	0.11369907521939351
427	0.11357778722564134
428	0.11306187205520701
429	0.11282251630032747
430	0.11235360690130063
431	0.11200580985539527
432	0.11175476582401221
433	0.11139593920924683
434	0.11112117628335733
435	0.11084543720253491
436	0.11044691954804718
437	0.1101312963234061
438	0.10989613065229875
439	0.1095130155768413
440	0.10919179055683059
441	0.10893463074523384
442	0.10861830542809946
443	0.10841425525212248
444	0.10807986828607033
445	0.10768899107750965
446	0.10739661227772279
447	0.10715077675898443
448	0.10700007396373641
449	0.10659929639736682
450	0.10626333371217735
451	0.10627283855007733
452	0.10572522204435852
453	0.1054295319174741
454	0.10510449989166135
455	0.10486812237370786
456	0.10478341292988505
457	0.10426753400198377
458	0.10414516950279294
459	0.10380662601177854
460	0.10361348082707666
461	0.10321087389477296
462	0.10292233681662877
463	0.10274498963635041
464	0.10240121728793863
465	0.1021233486849821
466	0.10186475707777393
467	0.1015999619903327
468	0.10131024064537046
469	0.10103453360377099
470	0.1007679720635429
471	0.10063178797059405
472	0.1003100781212658
473	0.10002767289792056
474	0.09971074565415536
475	0.09963345275358582
476	0.09921612291087897
477	0.0989813709865726
478	0.09874855812370467
479	0.09847948747302562
480	0.09824756002576703
481	0.09802787578375195
482	0.0978276088617958
483	0.09747600582448823
484	0.09725127393655325
485	0.09700484141071689
486	0.09673565180344333
487	0.09656016907285778
488	0.09630789349973734
489	0.09608335573185814
490	0.09582439476200487
491	0.09557045894100516
492	0.09543111004985685
493	0.09516610334769136
494	0.09490750596382894
495	0.09471571870530891
496	0.09443840092857722
497	0.09420244836818029
498	0.09402513723130779
499	0.09372718418951351
500	0.09355390653816183
501	0.0933060916254875
502	0.09300342158818757
503	0.09288445430443429
504	0.09262148235791921
505	0.09237111324081057
506	0.0921612485888526
507	0.09190929380777102
508	0.09173862805004238
509	0.09151894109752161
510	0.09127645657720122
511	0.09110614324941345
512	0.09087317022987615
513	0.09068343686498165
514	0.09043618314841265
515	0.09032379443673368
516	0.09001729259930509
517	0.08986108584598682
518	0.08956113569719343
519	0.08937410188405269
520	0.08918839948921883
521	0.0889656133504252
522	0.08874967069228636
523	0.08857293068275549
524	0.08837261225677155
525	0.08826057441560903
526	0.08792474211444742
527	0.08774717139997512
528	0.08754631551361443
529	0.08733121145351289
530	0.08717970763167815
531	0.08698001603090412
532	0.08674645194235825
533	0.0865611712349069
534	0.08635432068335022
535	0.08615453339936352
536	0.08594589154262204
537	0.08579090061456554
538	0.0855896982676028
539	0.08542310430769245
540	0.08526142459072521
541	0.08500944832950327
542	0.08482929711218626
543	0.08469035794975341
544	0.0845533192578905
545	0.08432735570791157
546	0.08411102418409679
547	0.08393981276255193
548	0.08370926515603112
549	0.08357053217884283
550	0.08340086561700982
551	0.08324477804306574
552	0.08296666100366401
553	0.08283126229550326
554	0.08263259254970412
555	0.08250620464033312
556	0.08227261343623665
557	0.08207603327343183
558	0.08197265850417765
559	0.08180159430396662
560	0.08167136876621703
561	0.08143059225698318
562	0.08121656379625031
563	0.08109151566299197
564	0.08090185802494053
565	0.08075356236984481
566	0.08054291944879938
567	0.08036627790134124
568	0.0802215345647805
569	0.08005357854641239
570	0.08001537950240828
571	0.07974174125196573
572	0.07960072733906605
573	0.07940904682871006
574	0.07934904170205746
575	0.07909176985630381
576	0.07890533184166591
577	0.07875698948925172
578	0.07853365555666601
579	0.07845579334567665
580	0.07826518463070355
581	0.0781191692648876
582	0.07789839101545165
583	0.07775028745617121
584	0.07770147029059946
585	0.07748011080216025
586	0.07731159062809695
587	0.07715098634006738
588	0.07698661257286135
589	0.07683348790288086
590	0.07675746828278616
591	0.07647978919385784
592	0.07635547439113663
593	0.07624317600766024
594	0.07605479415285861
595	0.07591727169255763
596	0.07580089526346828
597	0.07559772475025697
598	0.07556479562783815
599	0.07530690122348581
600	0.07513316021862264
601	0.07497519260561397
602	0.07482464700105877
603	0.07469708629376863
604	0.07454346114311435
605	0.07444487589237439
606	0.07429793504057387
607	0.07413501775062664
608	0.07396094715027111
609	0.07382459990694552
610	0.07366059100180956
611	0.07358758888050462
612	0.07338664853427329
613	0.07330392338977398
614	0.07313050852262162
615	0.07304376203731036
616	0.0728226546825205
617	0.07274321316379229
618	0.07262407486203153
619	0.07239671630608108
620	0.0722915475792461
621	0.07213921523415334
622	0.07202806510986828
623	0.07189375805733525
624	0.07171621563866781
625	0.07161746563011682
626	0.07144030489312156
627	0.07132962204652774
628	0.07119349311838206
629	0.07111710799552358
630	0.07093277715453739
631	0.07079960570948189
632	0.07066993841798377
633	0.07054767497759196
634	0.07040717556957174
635	0.07027020609958745
636	0.0701264993555128
637	0.07000836689179865
638	0.06992954904393517
639	0.06975769743254007
640	0.0696235292068941
641	0.06949976609708952
642	0.06937703369170084
643	0.06927587377352823
644	0.06911158206780116
645	0.06897406573554433
646	0.06892295388228843
647	0.06877529995414869
648	0.06862691934577077
649	0.06860074219573777
650	0.06839017909113274
651	0.0682230458646811
652	0.06812143196508758
653	0.06801574574556048
654	0.06786130928601714
655	0.06777401710528116
656	0.06762070684950841
657	0.0674977089356169
658	0.06738342421216166
659	0.06723802782871366
660	0.0671454579432146
661	0.06702590689179519
662	0.06689906983953695
663	0.0667700690009976
664	0.06667991757039587
665	0.06653667385457931
666	0.06643694888806251
667	0.06641676559369511
668	0.06617245885819345
669	0.06607944491662626
670	0.0659824058340587
671	0.06586097849206829
672	0.06584136724494473
673	0.06562517897237717
674	0.06552463574322212
675	0.06546476584694161
676	0.06529207559578105
677	0.06515414824031991
678	0.06507644378058614
679	0.0649481572447278
680	0.06487170602352171
681	0.06472424649469713
682	0.06461901524261275
683	0.06453760444248605
684	0.06437734595589242
685	0.06426405007558682
686	0.06416925150574482
687	0.06405815233743771
688	0.06395961110048895
689	0.06389545653508447
690	0.06375151227572055
691	0.06363465110505066
692	0.06349428266642675
693	0.06338472444256311
694	0.06329497776341879
695	0.06321008803109979
696	0.06309055790258264
697	0.06303307618588389
698	0.0628855256707644
699	0.062808916805007
700	0.06269644060484425
701	0.06255875707230579
702	0.06249525505906983
703	0.06236040512261625
704	0.0622467786849985
705	0.062149346364044296
706	0.06204972268492034
707	0.0619306366225668
708	0.06183397265756439
709	0.06173083952630847
710	0.06164866755855209
711	0.061542245658396125
712	0.06144214869662566
713	0.061332234998451515
714	0.06120817141694425
715	0.06112689066855518
716	0.061006845055727225
717	0.06092471166226262
718	0.06082194349944438
719	0.06070938037374579
720	0.06066529305296499
721	0.060524122200085545
722	0.06045355578391494
723	0.060337229838273845
724	0.06022913584852838
725	0.06021718453513298
726	0.06007444010026373
727	0.059937501578853275
728	0.05986915411366455
729	0.0598173774908774
730	0.05964020386074605
731	0.0595873669285495
732	0.05953256426177063
733	0.059368907458525924
734	0.05928785879009997
735	0.059206830687510266
736	0.05908340597342571
737	0.05902733711594203
738	0.0589229177359397
739	0.058873133052244404
740	0.058723678087853795
741	0.05861436780126786
742	0.05856936605857843
743	0.05844081263341662
744	0.05836648848532655
745	0.05826261161819262
746	0.05817171695040489
747	0.05809843748914374
748	0.05801150370520507
749	0.05788983043167311
750	0.05779293181650488
751	0.057713974044454316
752	0.05764276410993431
753	0.05753635051173078
754	0.05747073089414495
755	0.057366531338807474
756	0.057349540867666735
757	0.05719638140452859
758	0.057110426474576946
759	0.05704360919513542
760	0.056953621861178985
761	0.056866108931219475
762	0.05675670722977733
763	0.05665970455745325
764	0.05660107649994007
765	0.056526822595763526
766	0.05640990074579774
767	0.05631958223731534
768	0.056231190066697335
769	0.05614969301176256
770	0.056061819003825494
771	0.056036464327688856
772	0.055903500318449616
773	0.055838947993955064
774	0.05573875732480284
775	0.055653001398247415
776	0.05555648806615742
777	0.05549207317613683
778	0.055412436643487155
779	0.0553330718349839
780	0.05528461508797965
781	0.05515721504382612
782	0.05507329804161213
783	0.054980715116643764
784	0.054901669189629895
785	0.05483106808408824
786	0.05472601732844344
787	0.05465575231910916
788	0.05456542350140645
789	0.05451139696843904
790	0.05443318823531364
791	0.05434044564002881
792	0.05427503765588691
793	0.05417604830238611
794	0.0541020967820469
795	0.05403132694934557
796	0.053985801049543716
797	0.05387577558080331
798	0.05380063625798635
799	0.05370203450375261
800	0.05365834843371156
801	0.05357023953210108
802	0.053480998344823706
803	0.05341355440232898
804	0.05334039588279808
805	0.053255694364237584
806	0.0531690315266433
807	0.053165651383407425
808	0.05306204025625135
809	0.05297943065090287
810	0.05287115577336368
811	0.052797100447375026
812	0.0527156195543103
813	0.05266854171871589
814	0.052553540279690565
815	0.0525376467807473
816	0.05242799521114144
817	0.05233805967398078
818	0.05229580081270413
819	0.05219173127714523
820	0.05211777949614396
821	0.052055818671667975
822	0.051978475147931164
823	0.051902245724186974
824	0.05190196047309105
825	0.051764711737396364
826	0.05171367394739616
827	0.05161055988844755
828	0.05154600910771967
829	0.05151998997047204
830	0.0514018914622415
831	0.05132915590826753
832	0.05127596785875749
833	0.051189513454155885
834	0.0511357271645184
835	0.051042510805865915
836	0.05097421956337489
837	0.05091696215937983
838	0.0508232985863241
839	0.05077329654547752
840	0.050689182057584686
841	0.05062296093072084
842	0.05056913258169746
843	0.050487407800836666
844	0.05042785586963823
845	0.050369848346011464
846	0.05027753495032996
847	0.050256489051297815
848	0.05015818467065919
849	0.05007749352673829
850	0.05000749510237307
851	0.049941043356872925
852	0.049901948210212314
853	0.049803411209340495
854	0.04973631834148086
855	0.04966736329752525
856	0.04961942423822925
857	0.049563141582028715
858	0.04945647806394253
859	0.04943095641848094
860	0.04933024501852276
861	0.04931164027572768
862	0.04923266603209083
863	0.049143249884417255
864	0.04911177562426693
865	0.04902572427501613
866	0.0489545879482747
867	0.04887939109371806
868	0.04882003345473882
869	0.048747463734562145
870	0.048690670869621366
871	0.04864971308601945
872	0.048579360219951385
873	0.0485228966405754
874	0.04842964956066449
875	0.048375112239209046
876	0.048345955467584974
877	0.04823841516833044
878	0.04819299358371916
879	0.048158953174040904
880	0.04805178895782338
881	0.04799594175990658
882	0.04791933204916092
883	0.0478552625766827
884	0.047825384169283384
885	0.047738039245022644
886	0.04767780336732514
887	0.047630936272715335
888	0.047547753672261196
889	0.04750667874155927
890	0.04743221975584067
891	0.04736120319371058
892	0.04730523983235704
893	0.0472534344689891
894	0.047206332924753756
895	0.04711316769998733
896	0.04705450270922601
897	0.047000098344924135
898	0.04694615565562878
899	0.046888287118966226
900	0.046830990655035
901	0.04677485072563312
902	0.046706086206833586
903	0.04664131590464242
904	0.04658477001173428
905	0.04651915763957064
906	0.04647879488284201
907	0.046411162248663165
908	0.046348673488111544
909	0.04628943042135572
910	0.046228822849282654
911	0.046192174844825476
912	0.046124699196415556
913	0.04606530221966455
914	0.045992022044801545
915	0.04594955457609196
916	0.04588911501932338
917	0.04582977943471673
918	0.04577844077113351
919	0.0457407454613256
920	0.04567146651879851
921	0.04560649273142525
922	0.045541155250896845
923	0.04550683493537855
924	0.04542738716324024
925	0.04538410878204856
926	0.045316768439735006
927	0.04526957773566441
928	0.0452375408087905
929	0.04514372993644556
930	0.04509277534169129
931	0.045039306256464434
932	0.0449981851527178
933	0.04493067602905802
934	0.04489092952106597
935	0.04484101808252181
936	0.044768078307824484
937	0.04472004777064388
938	0.04465513688225069
939	0.04459672341279524
940	0.044547087413315735
941	0.04452643358306074
942	0.044453273047773814
943	0.044425394741520866
944	0.044338460715460236
945	0.04426525969716444
946	0.044228883293725305
947	0.04415765207667073
948	0.044122156077989944
949	0.04406452052741754
950	0.044028843198381816
951	0.04396576006114211
952	0.043929398123973895
953	0.04387362415360263
954	0.04379098024098699
955	0.043748622546181976
956	0.043689246449785196
957	0.04364387739724254
958	0.043594161883520166
959	0.04352696230501867
960	0.04349054197383651
961	0.04343554272146537
962	0.043381386239059495
963	0.043349901334757523
964	0.04327061882999868
965	0.04322423060415685
966	0.043174788686807436
967	0.04315851652656657
968	0.04307734507770744
969	0.043045800711905745
970	0.04299548581630082
971	0.042923160234699324
972	0.04287128589218992
973	0.04285121250135582
974	0.042781192082610074
975	0.04275105874752039
976	0.04267252060067147
977	0.04262462267258982
978	0.04257207186383863
979	0.04252447922540057
980	0.0424808250142347
981	0.04242153502193818
982	0.042373696114215056
983	0.04232223382408287
984	0.04228959153711191
985	0.042227719903654044
986	0.042225772987564636
987	0.04213271740637377
988	0.04208606928583168
989	0.04203961135425389
990	0.04197922281337015
991	0.04193151692332961
992	0.04192178003937075
993	0.0418496424009159
994	0.04178722095782837
995	0.0417527618370185
996	0.04169037759520742
997	0.041658781906281014
998	0.04160334072507982
999	0.04157058085697572
1000	0.041505091779965274
1001	0.04145468062129917
1002	0.04142048400695668
1003	0.04136472401797178
1004	0.041310363429283015
1005	0.0412649213027045
1006	0.04123555957548171
1007	0.041203890205948265
1008	0.041124628593631904
1009	0.0410854931916239
1010	0.04104465948329805
1011	0.04100205379777487
1012	0.040940483994212025
1013	0.04092843018042437
1014	0.04085088730417373
1015	0.04080791498584022
1016	0.04076063448781627
1017	0.04070885309818916
1018	0.04066826226361241
1019	0.040629440424464404
1020	0.04059906326668864
1021	0.04054336531688032
1022	0.0405080512680025
1023	0.04045046407434137
1024	0.04040138221460961
1025	0.04035771917867065
1026	0.04032067984420886
1027	0.040262781752550256
1028	0.04022674558125324
1029	0.040170302622895476
1030	0.04013745751353298
1031	0.040098898496378994
1032	0.04006299663895008
1033	0.040000674799707175
1034	0.03996952404068642
1035	0.03990816019370844
1036	0.03986520218710066
1037	0.03982235497862443
1038	0.03977391087054076
1039	0.039728857322042066
1040	0.03969404101031451
1041	0.039653411056557654
1042	0.03960442216630933
1043	0.03956212345227357
1044	0.039514017677607656
1045	0.039470138566866764
1046	0.03942898934857022
1047	0.03939298415749248
1048	0.039358910839503394
1049	0.039304188185809344
1050	0.039264232318693096
1051	0.0392185835878418
1052	0.039187532884257664
1053	0.03913791247403963
1054	0.03909392081380837
1055	0.03905890341647254
1056	0.03901310171433056
1057	0.03897847568306853
1058	0.03892655433910182
1059	0.038882928223015575
1060	0.03883929496536605
1061	0.03881554310537569
1062	0.03876226693243458
1063	0.038734139350221436
1064	0.03869057989287848
1065	0.038631217956836494
1066	0.038609465753396716
1067	0.03855601026709604
1068	0.03851720142567696
1069	0.038475304860352735
1070	0.038432260573203425
1071	0.03838837318208475
1072	0.03835395346205358
1073	0.03832867393160437
1074	0.03826237247439526
1075	0.038217877220383965
1076	0.038194580892410374
1077	0.038151824017646274
1078	0.03810926924181421
1079	0.038072965843383814
1080	0.03803521470690151
1081	0.037995755620333194
1082	0.03794625556381843
1083	0.03791357383690845
1084	0.03786831493686365
1085	0.03783207509766933
1086	0.03781091820812217
1087	0.03776262666639052
1088	0.03770930023648186
1089	0.03768692777787727
1090	0.03763710335447168
1091	0.03760974057827256
1092	0.03756215204167396
1093	0.037511699013242514
1094	0.0374709985094996
1095	0.037439309961423
1096	0.03740049663295127
1097	0.03736194051883958
1098	0.03731925167611961
1099	0.037292114552363295
1100	0.03723965367349903
1101	0.037221250379860606
1102	0.03717192003031795
1103	0.03712960111443015
1104	0.03709471616066647
1105	0.03707137305648715
1106	0.03701046439954211
1107	0.03697162377382662
1108	0.03694258666179022
1109	0.03690977557739113
1110	0.036864028435938334
1111	0.036827331601445454
1112	0.03679402274137611
1113	0.03676129927645178
1114	0.03670642667038396
1115	0.03666869347087091
1116	0.03663391400346855
1117	0.03659906532035224
1118	0.03656236055174198
1119	0.03652933127822549
1120	0.03649131720062934
1121	0.03646386469924536
1122	0.03642755428250739
1123	0.03637566449611858
1124	0.0363396314634274
1125	0.036309279168818355
1126	0.03626699938289356
1127	0.03624235975898856
1128	0.03619450441962033
1129	0.036160662772357965
1130	0.0361217083619432
1131	0.03608335918160883
1132	0.03604661285985014
1133	0.03603580464264636
1134	0.035972740827774734
1135	0.03596104268482714
1136	0.035912665093315074
1137	0.03587173898086669
1138	0.03584075719557216
1139	0.035802069932732036
1140	0.035764720207272754
1141	0.03572771356941998
1142	0.035696362072621945
1143	0.035657721094083626
1144	0.035623882173398604
1145	0.03559071000527383
1146	0.035559433394600944
1147	0.03552100891534731
1148	0.03548116886943269
1149	0.035470804493131225
1150	0.035432537864865304
1151	0.03537613649789736
1152	0.03535728771663327
1153	0.03531291253306633
1154	0.03528248931645779
1155	0.03524195784055106
1156	0.035221767598771506
1157	0.035170019275666896
1158	0.035145037763541415
1159	0.03510460446152408
1160	0.03507535678520076
1161	0.03503139149574533
1162	0.0350356511442551
1163	0.034970381195398116
1164	0.034939270562260705
1165	0.03491337443776463
1166	0.034890681449783086
1167	0.034835511879465084
1168	0.03479677395602993
1169	0.03476250920261223
1170	0.034728610825964554
1171	0.03471045487730523
1172	0.034663840515835286
1173	0.03463149741714246
1174	0.03459768104348514
1175	0.03456134080974881
1176	0.03456472083613883
1177	0.034518332204677274
1178	0.03446612699467108
1179	0.0344462627393071
1180	0.0344025689387179
1181	0.034365638599514664
1182	0.03433088348932009
1183	0.034311625548059686
1184	0.03427140559848763
1185	0.034244959096062136
1186	0.034211091056610674
1187	0.03417284110575938
1188	0.03413343264359006
1189	0.034109511317997686
1190	0.03408364463998294
1191	0.03404776370220494
1192	0.034003189797464764
1193	0.03397013080094135
1194	0.033952676255104446
1195	0.03392904228117748
1196	0.033881170038850286
1197	0.03385599334077576
1198	0.033811583378071164
1199	0.03379165187137788
1200	0.033753759604907924
1201	0.03372323790333616
1202	0.03370034015305954
1203	0.03365678283470633
1204	0.03362988494719474
1205	0.033597910917754034
1206	0.03357767393547895
1207	0.03353628353198841
1208	0.033501373537254096
1209	0.033467427669831386
1210	0.033458638926198436
1211	0.033409957506158466
1212	0.03337595370684723
1213	0.03334479026145007
1214	0.03332013757339429
1215	0.03329406911494362
1216	0.0332643631406898
1217	0.033227861488651804
1218	0.03319559425735685
1219	0.03315959865423522
1220	0.03313184113149581
1221	0.03309854660367395
1222	0.033065613894023654
1223	0.033063906291403704
1224	0.03301466319419743
1225	0.032988740141462095
1226	0.03295245925174224
1227	0.032928484377276974
1228	0.03288827082491126
1229	0.0328590049090289
1230	0.032826639643447605
1231	0.03279730512567963
1232	0.03276007487449787
1233	0.03273905079938874
1234	0.03271015218586971
1235	0.03268047477699845
1236	0.032645002033780006
1237	0.032622398770740565
1238	0.032582910731733625
1239	0.03255944612342025
1240	0.03252977989049516
1241	0.03250393954281026
1242	0.03247353055232042
1243	0.03244633008276057
1244	0.032410339868429026
1245	0.03240560792272798
1246	0.03235524342765935
1247	0.032329345869758455
1248	0.032287982287113805
1249	0.03226826526311255
1250	0.03224288783136289
1251	0.03220811906321201
1252	0.0321826553820864
1253	0.03215184895162274
1254	0.03212299632920877
1255	0.03209279013905236
1256	0.03205911694091304
1257	0.032033514856500966
1258	0.032009840230202403
1259	0.03198181805180096
1260	0.031961874784624575
1261	0.03192379053388557
1262	0.03188906219034682
1263	0.0318616716613594
1264	0.03184411425556449
1265	0.03181764802768876
1266	0.03179307886413375
1267	0.03175190801419596
1268	0.031724714169544435
1269	0.031692140510870055
1270	0.031674453173120044
1271	0.03163838268840851
1272	0.031612941093558326
1273	0.031590174842345366
1274	0.03155853602876871
1275	0.031531250480463166
1276	0.03149425344998057
1277	0.03147796234001304
1278	0.031439875089723665
1279	0.03141913458332341
1280	0.03139010713493463
1281	0.03136063747047371
1282	0.03133174398660742
1283	0.03131337397924164
1284	0.0312784154989348
1285	0.031249270318975796
1286	0.031222625160328664
1287	0.031194858140515883
1288	0.031185704206764694
1289	0.031143010250530432
1290	0.031131624038779587
1291	0.031098392981669786
1292	0.031055963995287535
1293	0.03103985548470623
1294	0.03100912219246976
1295	0.030979764919905898
1296	0.030957147568690564
1297	0.030938831411744805
1298	0.03090468743344746
1299	0.03087500920267044
1300	0.030842670660464387
1301	0.030826748551159307
1302	0.030801296762664354
1303	0.030764335824472504
1304	0.03075593782169975
1305	0.030718949895032113
1306	0.030690590627664646
1307	0.03066523530198221
1308	0.030636257902263944
1309	0.030616637896598776
1310	0.030586277935767285
1311	0.030556384113373556
1312	0.030531120958256858
1313	0.0305119036509931
1314	0.030481105750906203
1315	0.030449642959901903
1316	0.030422720056430635
1317	0.030394454336904464
1318	0.030375993145355478
1319	0.030360137644473942
1320	0.03032205455591017
1321	0.030302984062783124
1322	0.030273450413737565
1323	0.030245121376014913
1324	0.030234109836807882
1325	0.030195992773004318
1326	0.030170582543261628
1327	0.030145410426905193
1328	0.03011748548064353
1329	0.0300893275344846
1330	0.030068643019050434
1331	0.030039853392491683
1332	0.030018111815639955
1333	0.02999152389914636
1334	0.029982189530329415
1335	0.029942067848150043
1336	0.029919415178717497
1337	0.029891841552344128
1338	0.0298676307518932
1339	0.029850856450394234
1340	0.029813766241637344
1341	0.02978783925754125
1342	0.029770528022097162
1343	0.029750493756020163
1344	0.029716093092098755
1345	0.0297085524755896
1346	0.029669234361518342
1347	0.02964878696110274
1348	0.029614524310471742
1349	0.029602406565419993
1350	0.029567491345256
1351	0.0295460192949578
1352	0.029521122355920262
1353	0.02949803415933344
1354	0.029470678363397035
1355	0.029446455950983927
1356	0.029422256188731302
1357	0.029398551357095983
1358	0.02938043880354174
1359	0.029347849443061062
1360	0.029328590055023203
1361	0.029299631296525887
1362	0.02927814144047862
1363	0.02926084585627427
1364	0.029236545781617187
1365	0.029205609580199028
1366	0.02918132739487401
1367	0.029157084081185038
1368	0.029140043465360775
1369	0.029117953623333512
1370	0.02908856174925745
1371	0.029064385129844696
1372	0.029034917395722126
1373	0.029023383663820727
1374	0.02899869295076985
1375	0.028969749781613652
1376	0.028960872421763144
1377	0.02891978808660002
1378	0.028911612976363146
1379	0.02887486285627159
1380	0.028850574530664502
1381	0.028824637428155386
1382	0.02879855317441433
1383	0.028789193836025108
1384	0.02876090363924296
1385	0.028739005287184115
1386	0.028720130968676587
1387	0.028692276977844447
1388	0.028671365258269882
1389	0.028638301328653606
1390	0.028616429931871006
1391	0.028596620060166337
1392	0.028573347009236624
1393	0.0285692673998425
1394	0.028526799008274737
1395	0.02850946333395912
1396	0.02848086009923767
1397	0.028454660664290365
1398	0.028435209449658973
1399	0.028409344242940622
1400	0.028395446913561377
1401	0.028367210955032026
1402	0.028350806454175575
1403	0.028323023994318405
1404	0.02829997591670836
1405	0.028281154413052838
1406	0.028253378214347036
1407	0.02823291035461592
1408	0.028219049706682316
1409	0.02818386917100691
1410	0.028164748974605976
1411	0.028141118096047583
1412	0.02812342236890569
1413	0.028095566974954765
1414	0.028073929059398324
1415	0.02806515140212715
1416	0.028031886559931083
1417	0.02800754641504843
1418	0.02798753009522779
1419	0.027963640641473657
1420	0.027941413218668568
1421	0.027919671442165752
1422	0.02789762493913487
1423	0.02788148912526727
1424	0.02785952351408737
1425	0.027836461012075802
1426	0.0278095116924605
1427	0.02779734636405285
1428	0.027775632774066788
1429	0.027748070515974357
1430	0.027727977342935244
1431	0.02769974463360646
1432	0.027685368803582362
1433	0.027656394415360948
1434	0.02764545139081167
1435	0.027613831318848862
1436	0.02760088603479478
1437	0.027573519250185873
1438	0.027553738605739894
1439	0.027532794976751276
1440	0.027514407677178783
1441	0.02749037747101448
1442	0.027466348371883345
1443	0.027444259906659475
1444	0.02742701371665447
1445	0.02742375276707051
1446	0.027388635580744596
1447	0.027364237073547577
1448	0.027355029524347246
1449	0.02732038166837669
1450	0.027307735999014756
1451	0.027277597787285803
1452	0.02725716087218713
1453	0.0272346148297897
1454	0.0272193984457137
1455	0.02719263393444809
1456	0.027185719115552787
1457	0.027154099776350915
1458	0.027134454968572926
1459	0.02712006094105098
1460	0.027098406563220392
1461	0.027068385589657108
1462	0.02705344684365098
1463	0.027028420688911856
1464	0.027007984322099506
1465	0.026987039771094172
1466	0.026963067535170658
1467	0.026948533596712572
1468	0.026932286288468835
1469	0.02690487968306802
1470	0.02689030843559228
1471	0.026868169541840875
1472	0.026846725800856695
1473	0.02682844198157883
1474	0.02680817839288325
1475	0.02678588995653539
1476	0.026766986159222614
1477	0.02675131079509943
1478	0.026723467270502857
1479	0.02670446049156574
1480	0.0266823315495799
1481	0.026657530652887437
1482	0.026646315008387378
1483	0.02663744101518071
1484	0.0266016229681717
1485	0.026593646982499632
1486	0.026569053661340825
1487	0.026551679038660146
1488	0.026518422466624142
1489	0.026500779646662382
1490	0.026479141249364607
1491	0.02646217108081409
1492	0.02644698950053686
1493	0.02642343011466869
1494	0.026404342540423967
1495	0.02638888177957515
1496	0.02637138308348663
1497	0.02634211146406721
1498	0.02632043510728691
1499	0.026304786520521616
1500	0.02629033881073631
1501	0.026268412751847863
1502	0.026244567239818474
1503	0.02622683537763102
1504	0.026214638799847007
1505	0.02618683945255424
1506	0.026167067201846955
1507	0.026163413528278376
1508	0.0261313370233488
1509	0.02611309012730393
1510	0.02609688083524983
1511	0.02607073259931175
1512	0.026056246930826775
1513	0.026036402422243265
1514	0.02602014160542162
1515	0.025993043385020977
1516	0.02597885201577397
1517	0.025964626045788843
1518	0.02593543696328475
1519	0.0259174282565166
1520	0.025901160032067876
1521	0.025880323459852722
1522	0.025871922612128787
1523	0.025846870955036932
1524	0.025833102557431688
1525	0.025806782837452434
1526	0.025787509094028098
1527	0.025766197481629827
1528	0.025755643567673486
1529	0.02572975192838544
1530	0.025715189757410037
1531	0.02569928043711759
1532	0.02567898090837946
1533	0.025668216891181428
1534	0.025639243105075062
1535	0.025619175671135728
1536	0.025612706774517074
1537	0.02558620044042112
1538	0.025560102149108987
1539	0.025548539993687107
1540	0.02552577025619482
1541	0.025506567604431263
1542	0.025487702022243975
1543	0.025467540245298577
1544	0.025455794197818574
1545	0.02543066871204202
1546	0.025413763338846526
1547	0.025405294133510198
1548	0.025383479718042702
1549	0.02537129823015139
1550	0.025341480555140593
1551	0.025326217513942473
1552	0.02531889546803398
1553	0.025296144610737016
1554	0.025268536696997954
1555	0.025261242731067734
1556	0.02523895427391564
1557	0.025218396888147598
1558	0.02519865400394175
1559	0.025191746397990808
1560	0.02516608479152692
1561	0.02514583586715053
1562	0.02512801674841536
1563	0.025108883894366454
1564	0.025100932140545665
1565	0.025073755309704564
1566	0.025053550165903903
1567	0.02504737154307502
1568	0.025024723680959975
1569	0.025004435435944355
1570	0.024988107233796186
1571	0.024973784299381532
1572	0.02495285335450329
1573	0.024930162355622634
1574	0.024913055139345167
1575	0.02490868074154355
1576	0.024880703264204142
1577	0.0248589541268521
1578	0.02484301634486514
1579	0.02483311266422073
1580	0.024808829347623376
1581	0.02478984027543809
1582	0.024776633460694794
1583	0.024756496533154163
1584	0.024739463010725507
1585	0.024725447687428903
1586	0.02470391777055675
1587	0.024687250617422656
1588	0.02467613189253721
1589	0.024652333927759798
1590	0.02463905117473283
1591	0.02461836434206686
1592	0.02460795532098062
1593	0.024594786018326948
1594	0.02456680282180353
1595	0.024556811496853008
1596	0.024534245891457418
1597	0.02452104187717151
1598	0.02450411566632666
1599	0.024484417259754473
1600	0.02446316648705068
1601	0.024461934209451502
1602	0.024436165648014558
1603	0.02441470883721814
1604	0.024396550913379035
1605	0.024380481779094604
1606	0.024363888438876886
1607	0.02434907087891131
1608	0.024327744922868086
1609	0.024312265370702697
1610	0.024301345710291612
1611	0.02428318440817935
1612	0.02426155354631243
1613	0.02425040462863365
1614	0.024231381684148193
1615	0.024220946428351455
1616	0.024195471983495476
1617	0.02417630589848188
1618	0.024162660699428296
1619	0.0241453473061354
1620	0.024129149312512893
1621	0.024123831292380164
1622	0.02409636940582551
1623	0.024088703635061364
1624	0.024065478901502735
1625	0.024059576493294467
1626	0.02403258529498009
1627	0.024015170142799944
1628	0.02400249549733955
1629	0.02398380781905702
1630	0.02396593012810533
1631	0.02395654900706372
1632	0.023936465910517048
1633	0.023916248347317322
1634	0.023907550071852968
1635	0.023885750957282993
1636	0.02386469513982717
1637	0.023857419461284793
1638	0.023834883038454827
1639	0.023820264421621377
1640	0.023819018402517156
1641	0.023786852186108973
1642	0.02377611433061631
1643	0.02375820943126243
1644	0.023739301077144052
1645	0.023723108089999344
1646	0.023705477731279324
1647	0.02369505491204117
1648	0.023675142350420675
1649	0.02366046632208658
1650	0.023650901889520928
1651	0.02363153946209749
1652	0.02361398534586594
1653	0.0235943529036321
1654	0.023580507880479246
1655	0.02356328417194127
1656	0.023547941093409307
1657	0.023535541974504054
1658	0.023516643909901387
1659	0.023503825408211648
1660	0.023491444404396065
1661	0.023470594794465085
1662	0.023459646689267418
1663	0.023441121090024417
1664	0.023430327796993226
1665	0.023408659213874992
1666	0.02339123828792655
1667	0.023376878482637094
1668	0.02336106066546205
1669	0.023347905281507368
1670	0.023332951604071818
1671	0.023322046767216182
1672	0.02330036174913526
1673	0.02328710527041492
1674	0.023269224572507685
1675	0.02325441503797933
1676	0.023238219099984025
1677	0.023226295221177796
1678	0.023206946256822715
1679	0.023193277012137817
1680	0.02318251802497894
1681	0.02315781752438485
1682	0.023143703448067775
1683	0.02312703442803626
1684	0.023121296046597507
1685	0.02309904547303173
1686	0.023083787548370798
1687	0.02307945105136483
1688	0.023057731792838397
1689	0.023042701586810866
1690	0.02302150758074996
1691	0.02300969731179906
1692	0.02299109144566818
1693	0.022984607425658818
1694	0.022963724694060134
1695	0.022951990555457998
1696	0.022933746552249973
1697	0.022930923544723612
1698	0.02290286424557526
1699	0.02288918033243429
1700	0.022875537342245074
1701	0.022859530347923693
1702	0.022843917740276207
1703	0.02282912385560722
1704	0.02281988603936683
1705	0.02281440916827617
1706	0.022789548782083068
1707	0.02278248263111398
1708	0.022760754343942736
1709	0.02274175462605627
1710	0.02272338483974076
1711	0.022712735769660125
1712	0.02269809362750292
1713	0.022683074763526906
1714	0.022665978545302164
1715	0.0226507465553043
1716	0.022639548695977812
1717	0.022629595596124187
1718	0.022614538462752583
1719	0.02259327868744365
1720	0.02258215969054333
1721	0.02256559957662526
1722	0.022554018972457804
1723	0.022535221336168542
1724	0.022529793884902737
1725	0.022505496468997792
1726	0.022494908082490078
1727	0.022479290969208074
1728	0.022467397254824342
1729	0.022449902105340137
1730	0.022434083524779845
1731	0.02242378982176468
1732	0.022409213784632627
1733	0.022393988661175812
1734	0.022381073675668557
1735	0.022370781597246862
1736	0.02235726849978889
1737	0.022344239326005676
1738	0.02232812112244619
1739	0.02230755274261634
1740	0.022300666303423013
1741	0.02228057618406224
1742	0.022270316127678387
1743	0.022253282896621228
1744	0.0222454074317102
1745	0.022223503079979487
1746	0.022207709607263558
1747	0.02219500010089891
1748	0.022185046940988662
1749	0.022164423122010397
1750	0.022162347231360117
1751	0.02214209464253492
1752	0.02212847254494765
1753	0.02211838146577717
1754	0.02209930871021029
1755	0.022089683658196267
1756	0.022068695085175182
1757	0.02205421001656001
1758	0.02204514349498017
1759	0.02203491743704206
1760	0.022012988527485775
1761	0.022000973621601222
1762	0.02198845604221205
1763	0.02197098863047554
1764	0.021962816160765723
1765	0.021947073432443634
1766	0.021936030022753118
1767	0.0219166099413191
1768	0.021907334634518497
1769	0.021891284823863526
1770	0.02187579796151538
1771	0.02186159072860143
1772	0.0218490319157945
1773	0.021837323715025073
1774	0.02182377783189475
1775	0.02182013912398386
1776	0.021794822525253586
1777	0.021789136113716585
1778	0.021768739815295823
1779	0.02175312343915525
1780	0.021745007764792795
1781	0.02173359198601474
1782	0.021711479819542003
1783	0.021699616070336315
1784	0.02168731827933512
1785	0.02167219378505812
1786	0.021661999718135965
1787	0.02164972909495316
1788	0.02163735965688633
1789	0.021623241698225108
1790	0.021610799170467994
1791	0.021593042671306205
1792	0.021591994182074116
1793	0.021566643005001808
1794	0.021560138168772103
1795	0.021540516743849027
1796	0.021529770077434392
1797	0.02151368807705368
1798	0.021501138982819704
1799	0.021490307833700296
1800	0.021473918259209825
1801	0.021460384253061644
1802	0.021447609981891498
1803	0.021432932359002663
1804	0.021421244421760723
1805	0.02140724492334105
1806	0.0213949621694225
1807	0.0213847500636482
1808	0.021370257497617645
1809	0.021357610201008806
1810	0.021343888703042962
1811	0.021331240886838777
1812	0.02131418645506834
1813	0.021306647035140312
1814	0.021290657212626227
1815	0.02128051212926845
1816	0.021265862957938635
1817	0.02125342700960642
1818	0.021249726642573054
1819	0.021228692292963133
1820	0.021216138518408922
1821	0.0211985469876732
1822	0.021187414524256515
1823	0.021175381337298394
1824	0.021166303608970472
1825	0.021150434351141306
1826	0.02113586323760473
1827	0.021122761761460992
1828	0.021109517720308852
1829	0.021098412043333105
1830	0.02108566777407524
1831	0.021073165762589437
1832	0.021062235763369328
1833	0.02104694964793282
1834	0.02103823755982392
1835	0.021024076391010525
1836	0.021009861842258785
1837	0.02100288944441764
1838	0.020986383756413346
1839	0.02097427146637382
1840	0.020960210441769298
1841	0.020947498570572466
1842	0.020937512785616792
1843	0.02092153275360388
1844	0.02091754914920045
1845	0.020897008111447884
1846	0.02088122630263407
1847	0.020873130561850122
1848	0.02086050350974077
1849	0.020851849113001152
1850	0.02084318644065468
1851	0.020820812267795884
1852	0.02080914772717741
1853	0.02079621862786734
1854	0.02078805550825608
1855	0.020772205395634714
1856	0.020765496877332756
1857	0.020748396015606727
1858	0.02073992866349963
1859	0.020724678908931947
1860	0.02071174515034882
1861	0.020697653264435446
1862	0.020691428382636545
1863	0.020675082026506784
1864	0.02066021626943091
1865	0.020649531489566622
1866	0.02063609020876297
1867	0.020626619767892766
1868	0.02061418783439418
1869	0.020602141779973798
1870	0.020591714241705566
1871	0.020578923783460098
1872	0.020568286594765173
1873	0.020554461533376298
1874	0.02054112484970082
1875	0.020535062064468576
1876	0.0205166639776273
1877	0.020505254149242508
1878	0.020496153521961134
1879	0.020479763664321894
1880	0.02046665000071289
1881	0.020456114069091404
1882	0.020444072762547574
1883	0.020430659047761614
1884	0.020418718637124467
1885	0.020412274195144076
1886	0.02040560246619787
1887	0.020386859772239755
1888	0.0203752787582674
1889	0.020361924516659736
1890	0.02035193971676201
1891	0.020340962215797346
1892	0.020324809933694225
1893	0.020320161053791086
1894	0.02030053966209568
1895	0.02028834192780664
1896	0.020280239104817632
1897	0.0202664131716686
1898	0.020257801980910747
1899	0.020242491162924984
1900	0.02023008333094118
1901	0.020219913450836468
1902	0.02021461107886005
1903	0.020195176318974998
1904	0.02018867595158851
1905	0.020172901661269754
1906	0.020166075332415764
1907	0.020153890094917366
1908	0.02013855741339975
1909	0.020126084717877867
1910	0.02011725563466896
1911	0.020103931254025344
1912	0.020090078391170916
1913	0.020083940489216377
1914	0.02007141911569774
1915	0.02005990952833276
1916	0.02004335301025168
1917	0.020033811605299226
1918	0.02002086093062514
1919	0.020013442620884933
1920	0.020002036389485344
1921	0.019991518717743267
1922	0.019976769020892918
1923	0.01996311498531042
1924	0.01995375898810889
1925	0.019944312284843505
1926	0.019930827378138265
1927	0.01991883233549345
1928	0.019908431134556738
1929	0.019899829715727686
1930	0.01988679785812235
1931	0.019872567328103746
1932	0.01986241112943099
1933	0.019853845442124533
1934	0.019840594273217858
1935	0.019830475467986997
1936	0.01982156776990253
1937	0.01980390037562136
1938	0.019795056433976704
1939	0.01978509028996175
1940	0.019773126404409543
1941	0.01976114187791337
1942	0.01975821136328109
1943	0.019742888463784684
1944	0.019726640823962072
1945	0.019716706375191413
1946	0.019704145038967842
1947	0.019694832035186724
1948	0.01968388735284393
1949	0.019674978848263733
1950	0.01966232518740495
1951	0.01965221287504105
1952	0.019646109351800285
1953	0.019626062240100557
1954	0.019619139028215667
1955	0.019607503064151707
1956	0.01959686173928774
1957	0.019584510985920192
1958	0.01957326437329098
1959	0.019561395407798065
1960	0.01955119827776565
1961	0.019538323593073198
1962	0.01952902735538905
1963	0.019518096625223268
1964	0.019514216665120935
1965	0.019495252737944585
1966	0.019484781108359477
1967	0.019474246947438913
1968	0.01946376534730322
1969	0.019455069545609247
1970	0.01944570525974712
1971	0.019429773181769874
1972	0.019422651813749272
1973	0.019409526429765702
1974	0.019399060319513044
1975	0.01938870426323773
1976	0.019378906841164775
1977	0.019375380349112407
1978	0.0193547371633715
1979	0.01935201406032631
1980	0.01933798041501872
1981	0.01932342755771941
1982	0.019312372088212525
1983	0.019300837711782516
1984	0.019292091338543666
1985	0.01927896265040066
1986	0.019268934980261405
1987	0.01926069484042415
1988	0.01924753143717552
1989	0.019239090938539136
1990	0.019227407764957672
1991	0.019214921046480128
1992	0.019206702695950498
1993	0.01920014828602283
1994	0.019182956692725794
1995	0.019173732239583127
1996	0.0191659506476282
1997	0.019157392107123555
1998	0.019141986935151012
1999	0.019135197769893232
