0	5.476811996008926
1	4.5255342136760905
2	3.8487431798509557
3	3.4819241914170265
4	3.3143086988079347
5	3.2170769343044725
6	3.1571443728641877
7	3.1452523347584096
8	3.124207221266074
9	3.135796231809348
10	3.1277354190521063
11	3.1115730243806854
12	3.107886992382772
13	3.1062226448274393
14	3.1100246861825767
15	3.099309234190827
16	3.0990011023748325
17	3.084482965440095
18	3.098970452598112
19	3.081702962077986
20	3.073820939672009
21	3.0788292179046337
22	3.0580830260336
23	3.0424487038553423
24	3.0480466139259645
25	3.0417973153472726
26	3.0101091432414435
27	2.996869864571942
28	2.9872597933483735
29	2.973497529226007
30	2.942430888835728
31	2.9321473317546554
32	2.92437087477453
33	2.8990476325402117
34	2.8614156749725916
35	2.8299881178719315
36	2.817903793111425
37	2.7790431667667006
38	2.74644289427853
39	2.7254514016937104
40	2.7281436932066425
41	2.6887757468119196
42	2.654908212821689
43	2.6089056032294913
44	2.5704409122582264
45	2.537864532086531
46	2.5163362697337246
47	2.497473261874113
48	2.4819000046739963
49	2.427012908074151
50	2.3811039933203215
51	2.3495793135125074
52	2.270408083492223
53	2.2138541158724228
54	2.203513320762356
55	2.153244921328053
56	2.105232976644517
57	2.0078958837549927
58	1.9673897168278913
59	1.9079134232398867
60	1.8604303277863683
61	1.8246472812959171
62	1.7794090704519196
63	1.7161229918540113
64	1.6811431520087043
65	1.7138504917239636
66	1.6308752560991802
67	1.607513328108336
68	1.576871343501962
69	1.5524759379955548
70	1.5233140266415302
71	1.50414466058758
72	1.4814045828313986
73	1.4534817952735664
74	1.4443958783138204
75	1.4152675233072491
76	1.416991507446535
77	1.3900952028426652
78	1.381653146809417
79	1.378782722708915
80	1.4243020165206912
81	1.3592622983376672
82	1.3626114806918423
83	1.319798096275081
84	1.3060874122501527
85	1.2819640372026064
86	1.2765771883827886
87	1.3422122511171137
88	1.2415763339513586
89	1.2404340750019172
90	1.2403472019033657
91	1.2235287229911032
92	1.2361576420659122
93	1.1986874112035264
94	1.2366998887004204
95	1.1508283562772275
96	1.152649525603334
97	1.1727700027927774
98	1.0797257422947197
99	1.0756305087737488
100	1.0597428182565425
101	1.0345214690980022
102	1.0214961760059649
103	0.9811198655364961
104	0.9733137101780995
105	0.9304828600425579
106	0.9234572372191346
107	0.8760228369643641
108	0.8539941959729305
109	0.8105905833609954
110	0.7892708800162689
111	0.7536451448563669
112	0.7258605938944089
113	0.7075141174134649
114	0.6717752405907836
115	0.6477913829216846
116	0.6504862310507407
117	0.6155763910718722
118	0.5966966851266945
119	0.568571535161285
120	0.5436376163563331
121	0.5288807524142954
122	0.514893825875355
123	0.4935666275247142
124	0.49312182338988625
125	0.4639389277083651
126	0.45416470683585175
127	0.4434720707504215
128	0.4331373466128243
129	0.4201792271095377
130	0.4085098510964422
131	0.40407642083864576
132	0.38985628201470235
133	0.3890102954262502
134	0.37954201794114206
135	0.3650661198142074
136	0.36005048630641073
137	0.34743646644943177
138	0.34135351807089764
139	0.33354115614800317
140	0.32683486560501407
141	0.3221733625864046
142	0.32059047049437883
143	0.31135675902056636
144	0.30262096890984924
145	0.29789976426740594
146	0.29706361316116175
147	0.29566417786710647
148	0.284097752220971
149	0.2789286765650412
150	0.2723640408141924
151	0.2683597051857407
152	0.2667820804546945
153	0.2625140986668157
154	0.2549605243099244
155	0.25455096602768945
156	0.24764389593588207
157	0.2467795882907986
158	0.24007867638124628
159	0.23821664834871137
160	0.2337018314252987
161	0.22997525274226704
162	0.22674378010178206
163	0.22442655726947403
164	0.22374807569184782
165	0.2220296046095565
166	0.21517426135829412
167	0.21542437432437972
168	0.20949388286457027
169	0.20714284716169779
170	0.20522639824403038
171	0.20140449468368143
172	0.19865185562895277
173	0.19749769201627718
174	0.19748633288379702
175	0.19225031427075995
176	0.19045702233873824
177	0.18716048439681743
178	0.18528697408493888
179	0.18357363558472697
180	0.1817425600714997
181	0.17934530772606658
182	0.17710983277149964
183	0.17518176780127792
184	0.17308223834449898
185	0.17228940176275326
186	0.17138191429039795
187	0.16788709393593537
188	0.16680395277169063
189	0.16573745558500713
190	0.16311443757572275
191	0.16088781890225443
192	0.15882987613799787
193	0.15896082262893688
194	0.1566078109055315
195	0.15692634432076408
196	0.15473440114065293
197	0.15194576681079947
198	0.15124434124530417
199	0.14913932482085315
200	0.14842322896485263
201	0.1459581075289253
202	0.14492873163598857
203	0.1438365475550808
204	0.1423841379336524
205	0.14206169748384492
206	0.14018058723010346
207	0.1394559810043785
208	0.1385488744046238
209	0.13699358044194215
210	0.13568003573427906
211	0.13413847078986846
212	0.13285013579858945
213	0.13205087636153912
214	0.1305954101956136
215	0.12957802024204906
216	0.12893051008767398
217	0.1282625060951555
218	0.12775491597270433
219	0.12628514775796695
220	0.12515378328443158
221	0.12380652325877911
222	0.1229864162127085
223	0.12204676472805934
224	0.12055432192648868
225	0.11975957231520873
226	0.11908223094242126
227	0.11815865170145409
228	0.11730978321080832
229	0.11675637186710135
230	0.11536688642317196
231	0.11488793335778075
232	0.11392424057051036
233	0.1140901162074728
234	0.11213559670395566
235	0.11151815454486368
236	0.1103396068230866
237	0.11010437672123168
238	0.10905971237201852
239	0.10837149176010802
240	0.10781999912875784
241	0.10697184082300416
242	0.10657184745042128
243	0.10582322622603443
244	0.10572997700981898
245	0.10430853203181345
246	0.1038743302369711
247	0.10279950516909771
248	0.10231014364629176
249	0.1020016144392274
250	0.10078571754474208
251	0.10024553548639786
252	0.09989619556822216
253	0.09886709567781839
254	0.09859964231422158
255	0.09779045299235929
256	0.0974168974257206
257	0.09642586587392296
258	0.09634076134262153
259	0.09594960245358637
260	0.09476043267941292
261	0.09426783646364366
262	0.0936082064251452
263	0.09314370337114439
264	0.09292081040530387
265	0.09201783946540756
266	0.0914728360483648
267	0.09112740346359854
268	0.09056245356261859
269	0.09028468678138601
270	0.0893864643954429
271	0.08903091709865554
272	0.0885445080650652
273	0.08800096214334105
274	0.08770892375380292
275	0.08733610429641964
276	0.08702633445762625
277	0.08615737334701312
278	0.08552863171321597
279	0.08526363662214415
280	0.0849358120354949
281	0.0841688230802014
282	0.08377701851625115
283	0.08342908617064962
284	0.0831049711932434
285	0.08257330397097601
286	0.08192261612166629
287	0.08196462884745342
288	0.08113615616940184
289	0.0808654785106245
290	0.08045705168834384
291	0.08012240595362188
292	0.07946393074610895
293	0.07930794337845426
294	0.07883215336632882
295	0.0785277226882623
296	0.07802269652968993
297	0.07782304643115068
298	0.07716224386125513
299	0.07708831184991158
300	0.07638764674470752
301	0.0762483107815037
302	0.07572950482979562
303	0.07537803208754335
304	0.07529540306224089
305	0.074570153518601
306	0.07423463299998298
307	0.07409368110263649
308	0.07397871598165187
309	0.07315936152640948
310	0.07304834529651581
311	0.07274695856455543
312	0.07232056956482835
313	0.07209112556409072
314	0.07170488164393965
315	0.07118225504463979
316	0.0712059296275557
317	0.07061050622982547
318	0.07069379148994476
319	0.0700518146059167
320	0.06967949133021496
321	0.06945494352916828
322	0.06908194287726539
323	0.06875065304232435
324	0.06838896940424463
325	0.06822378486693238
326	0.06807218891519898
327	0.06757725449891026
328	0.0673457520530185
329	0.06711066631332277
330	0.0667242191669192
331	0.06639548170089568
332	0.06646701388970482
333	0.065826852606513
334	0.06565837469437201
335	0.06535651892296888
336	0.06544138548274786
337	0.06470378501266348
338	0.06467986087544693
339	0.06451697306534256
340	0.06396857475674927
341	0.06376797362243669
342	0.06347021313393461
343	0.06342869951856776
344	0.06309183894669289
345	0.06264056801551186
346	0.06237021363705475
347	0.06224938389793021
348	0.062168698532792194
349	0.06193293167075323
350	0.06149510041032374
351	0.06113991187802955
352	0.061032720052476445
353	0.06091142672794361
354	0.06041302007224425
355	0.06033124830708286
356	0.06006131551889277
357	0.06003911768140961
358	0.059583985168250295
359	0.05943061141088767
360	0.0591720992122963
361	0.05922850970454627
362	0.05868127868772881
363	0.05834095395591636
364	0.05823224691449719
365	0.057988667245112216
366	0.057728423766808264
367	0.05757125926208417
368	0.05730141225936317
369	0.0571526914214805
370	0.05689773761874396
371	0.05677598942370157
372	0.05658788373345952
373	0.05626614725979689
374	0.05624740297586394
375	0.05596713863255282
376	0.055752267486993946
377	0.05550075155731557
378	0.05530596797840392
379	0.055188362065561936
380	0.05503962996392601
381	0.05473123755183411
382	0.05449531391899443
383	0.05445585779880037
384	0.054235787526235334
385	0.05403581496941898
386	0.0537750912094108
387	0.0536054374487201
388	0.05338295972554745
389	0.05334900006497309
390	0.05310624132242589
391	0.05295128603763873
392	0.05267089429293521
393	0.05243473148227981
394	0.052313505732660415
395	0.05221637403579041
396	0.051964801489123184
397	0.052009351134930756
398	0.051772425872735166
399	0.05141393144644451
400	0.05124593466020347
401	0.051121705047823346
402	0.0510539500070263
403	0.050767906155681664
404	0.05066287459526464
405	0.0504260498504897
406	0.05031623536533027
407	0.05009714265708737
408	0.05009227695125085
409	0.049878196876605635
410	0.04960744261145401
411	0.04951162783022455
412	0.04940632056287054
413	0.04913686987183103
414	0.04905620009097089
415	0.048989437188420706
416	0.048693283321953995
417	0.04857736426932792
418	0.04838386316542839
419	0.048220595960122174
420	0.04806162291988307
421	0.04802418850468436
422	0.04777808709655493
423	0.04758916510157601
424	0.047442199108092546
425	0.04740358792807771
426	0.04730953557399177
427	0.047092202448567384
428	0.04689540708857249
429	0.04677115419459927
430	0.04660161297641102
431	0.04650121769066425
432	0.04633097822753638
433	0.04642912603430091
434	0.046132279941518736
435	0.04589509819819575
436	0.04577982111576971
437	0.04560498199741936
438	0.04557509005793174
439	0.045354681467063236
440	0.04527122758836143
441	0.04509563283454156
442	0.045089202708002096
443	0.04483028523322875
444	0.044771066079499246
445	0.04456881854131771
446	0.04444166977771604
447	0.044388691105267025
448	0.04421479511249285
449	0.04405100755554802
450	0.0439340772234786
451	0.04381605841003723
452	0.043665295189375765
453	0.04364286717997155
454	0.04341297911800027
455	0.04331687524651197
456	0.04318260346092545
457	0.043102914633865945
458	0.04293648878325412
459	0.0429155887874887
460	0.042744243461189595
461	0.04267390043914199
462	0.04247425855196148
463	0.04245161737189274
464	0.04222531463070601
465	0.04209345103718285
466	0.041986139803666125
467	0.04192376688581684
468	0.04177833156334983
469	0.0417418357308302
470	0.04170495861609255
471	0.04146512928330205
472	0.04140267047789122
473	0.041251782051804645
474	0.04108424654887159
475	0.04096780071125947
476	0.04095856267823145
477	0.040756889359887395
478	0.04064821097941619
479	0.040554560428530576
480	0.04047085793878062
481	0.04033769629046521
482	0.040238573267217304
483	0.04010344116789938
484	0.040073737991006594
485	0.03992358494716172
486	0.039820494802537215
487	0.03970381232378806
488	0.039642879093276885
489	0.039564873255606384
490	0.03940392046305925
491	0.039315754759538635
492	0.03925790196053505
493	0.03909380409512629
494	0.03905916150936359
495	0.03887259589018146
496	0.03886028552816499
497	0.038723920444961625
498	0.038615350903203595
499	0.03851831344737011
500	0.03838391708427991
501	0.038320372248402734
502	0.03828065159757653
503	0.038166155979145584
504	0.03802589270795696
505	0.03792150314595841
506	0.03784105604705862
507	0.03774273747823399
508	0.03777961978534902
509	0.03755944464782861
510	0.03750075003345407
511	0.0373759328363941
512	0.03727407411155223
513	0.037221482327751895
514	0.03710951711607829
515	0.037039518059352045
516	0.03704581082268016
517	0.036927665496179804
518	0.036824400325385434
519	0.036663362268990266
520	0.03655495412138625
521	0.036449062586755655
522	0.0363954293745206
523	0.036374061040233455
524	0.03635974600198684
525	0.036121290378461776
526	0.03601581295291821
527	0.03595888958329642
528	0.035845379229033435
529	0.0358007581269752
530	0.035760609288633005
531	0.03559774957428953
532	0.03557322079789806
533	0.03546773622562049
534	0.03538995974185051
535	0.03528539565566501
536	0.03533704751774473
537	0.0351486896904789
538	0.035047389036855586
539	0.03495449454591699
540	0.03486845202540882
541	0.03478710899803962
542	0.034730915604192746
543	0.03463319877586242
544	0.0345459671827962
545	0.034504334292591435
546	0.03441831111781468
547	0.03436009613949305
548	0.03424018961778158
549	0.03415628696705068
550	0.034173530621137795
551	0.0340007986505694
552	0.033979161471568375
553	0.03387895806871283
554	0.03389523619057129
555	0.03369803000810241
556	0.033674160327908945
557	0.03363547996944602
558	0.033513421567574295
559	0.033429594522356096
560	0.03341060438365615
561	0.03326059663951442
562	0.0331620317903603
563	0.033132233961573734
564	0.03306352700102047
565	0.03300506237282994
566	0.032881406750110996
567	0.03283544293516966
568	0.03278892346470183
569	0.032760274014759325
570	0.032641560261099885
571	0.032553788271348194
572	0.03248435017289397
573	0.032392632581773696
574	0.03231453291820202
575	0.032274382969007955
576	0.03219679497694832
577	0.032171554332660786
578	0.03207746241885192
579	0.031997105957457285
580	0.03191446689933032
581	0.03188050093206958
582	0.031765954473673606
583	0.03176369533123078
584	0.03165313489629376
585	0.031565232763544525
586	0.031517496276871365
587	0.03146192425746779
588	0.031381136173882315
589	0.031321804700374094
590	0.03129352017425631
591	0.031206700067327616
592	0.031174037218897856
593	0.031053728682415446
594	0.03098817572567216
595	0.030944570354112494
596	0.0309059888090926
597	0.030840366780395336
598	0.030822449915801582
599	0.030676158800265377
600	0.0306072802034185
601	0.030542245439743477
602	0.03054733278172266
603	0.030426981232937914
604	0.030382152236866834
605	0.030372472444877514
606	0.030259497297076332
607	0.030238472088232674
608	0.030140338720341373
609	0.030075711948320344
610	0.02999920787590768
611	0.02997923628581595
612	0.029919386293887476
613	0.029819043955880954
614	0.029803041637087704
615	0.02972477823728268
616	0.02965873040185779
617	0.029613629172607306
618	0.029524558490816276
619	0.02949195255295442
620	0.029506999573744412
621	0.02935233388657752
622	0.029287416038717963
623	0.02923850379365744
624	0.029175726828464185
625	0.02913178210848489
626	0.029110391797095767
627	0.029005528035610365
628	0.028970448075940028
629	0.02893881774767953
630	0.028860382435691372
631	0.028814827036743665
632	0.028734928758751818
633	0.02869205859034457
634	0.028646085649179892
635	0.02859147543538314
636	0.028507197566921
637	0.028478975812493347
638	0.02841342707259386
639	0.028368661626821272
640	0.028317681890678254
641	0.028314719287120947
642	0.028186308648383902
643	0.028160003583714902
644	0.028099425232521822
645	0.028061111757154325
646	0.028025482276597534
647	0.027928173360658046
648	0.027910416348320956
649	0.027829231560437033
650	0.027810240157429417
651	0.027765545605443462
652	0.027702208449637482
653	0.027633160386456676
654	0.027598964691204632
655	0.027510450703898244
656	0.027479622857901544
657	0.027465639411233835
658	0.027366645974588422
659	0.02732149306333516
660	0.027294180601765913
661	0.027250718279810335
662	0.027211031098733855
663	0.027148329023299982
664	0.027091183241724173
665	0.027030624162896054
666	0.026976954749833
667	0.026945392993620216
668	0.02687278615101643
669	0.026846482752344795
670	0.026805715471303594
671	0.026739532485846068
672	0.026711433474429887
673	0.02671818020385136
674	0.026629121222234174
675	0.026590591569971796
676	0.026505495290647777
677	0.026486105287748467
678	0.026419344735958156
679	0.026427089831206264
680	0.026314755564038173
681	0.02627617673497279
682	0.026253697284355178
683	0.026158835548481252
684	0.02611778016871847
685	0.026097767448728847
686	0.026062799420215846
687	0.02600185845005776
688	0.025945508835653323
689	0.025918156867025834
690	0.02584315754928394
691	0.025817212347334525
692	0.025777526037172836
693	0.025719833906799706
694	0.02568180921627549
695	0.025640265309932617
696	0.025658117439860562
697	0.025535911084718997
698	0.025507811909650208
699	0.025459638132808545
700	0.025443290484564236
701	0.02537215775201748
702	0.02535341782487923
703	0.02527703005691995
704	0.025256974916383713
705	0.025201462369353486
706	0.025167172111959697
707	0.025116605845213878
708	0.025079699146531766
709	0.02502812386971424
710	0.025009087006126293
711	0.024945368049562468
712	0.024903646220502527
713	0.024893031736749234
714	0.024823205289707453
715	0.024800065573505684
716	0.024771111713869205
717	0.0247249679111407
718	0.024672350096688164
719	0.024631912133122307
720	0.024584869998935208
721	0.024550485191972088
722	0.024508251312092083
723	0.024444814985976657
724	0.024420528062929485
725	0.024402221139878645
726	0.02439796013174949
727	0.024289443397787776
728	0.02427729899498009
729	0.024221172094392267
730	0.024185532001992863
731	0.024135787533104733
732	0.024093446491853743
733	0.024060255629872202
734	0.024016737689802718
735	0.024037905063456697
736	0.023974166806859192
737	0.023893947063580355
738	0.02386310868772984
739	0.023861104982368174
740	0.023818163358921396
741	0.023794447314422155
742	0.023701256500611084
743	0.023664376011143223
744	0.02366791154967076
745	0.023587767820915827
746	0.023553712924905625
747	0.023542277114892884
748	0.02354784947987612
749	0.02344082718215064
750	0.02342059796125321
751	0.02336864750644148
752	0.023348987116006917
753	0.023310648977249084
754	0.023279821755980683
755	0.023254031768370164
756	0.02318727575765938
757	0.023151513709443575
758	0.023140563250615493
759	0.02312423332024761
760	0.023049004140703946
761	0.023030786192603885
762	0.02298060559961018
763	0.022940670563345554
764	0.022911347577120964
765	0.02286484074662716
766	0.02285113733600201
767	0.02281307247393017
768	0.02276099552506223
769	0.022744338534278485
770	0.02269005346999596
771	0.022663773120172478
772	0.022633538085390693
773	0.022604620945932095
774	0.02255070521910786
775	0.022529790636960027
776	0.022528572104877576
777	0.022469494854308453
778	0.022421628788617108
779	0.0223968153036571
780	0.022346145048948524
781	0.02232558704452991
782	0.02228780570038493
783	0.022252680824062794
784	0.0222475822093294
785	0.02220270578927307
786	0.022176409789142225
787	0.022110206679123195
788	0.02210878963684801
789	0.022044157519649714
790	0.022029121168226876
791	0.021991905696174693
792	0.0219700174296312
793	0.021934402039947835
794	0.021886504516573684
795	0.0218756764622423
796	0.021815223058455534
797	0.021802457105050188
798	0.021762256948993537
799	0.021741765065825754
800	0.021703088094066486
801	0.021661210235225586
802	0.02164390600024051
803	0.021597085530988384
804	0.02158024510954428
805	0.02155058129886539
806	0.02154491934234714
807	0.02149670816617473
808	0.021450050338392878
809	0.02141863550275405
810	0.021399977695222547
811	0.021349834482779564
812	0.021326913625522127
813	0.02128578416894998
814	0.021268973848661173
815	0.021230526946450473
816	0.021190414542157664
817	0.021175582351065154
818	0.02113959212110463
819	0.021101946352741985
820	0.021081435535802506
821	0.02104827000908035
822	0.021042740367687395
823	0.020999996512906835
824	0.020983958454373532
825	0.020922841785060497
826	0.020924573516380624
827	0.020867729401821827
828	0.02083188809086639
829	0.020832631860090642
830	0.020788741210982155
831	0.020763896131667854
832	0.020730274944670564
833	0.020704511057936876
834	0.02066524516384789
835	0.020632987960986508
836	0.020609607663738788
837	0.0205781301621793
838	0.02056000028337937
839	0.020517719072950122
840	0.02050154081912295
841	0.020486054617344526
842	0.020432824903071183
843	0.02041520517840312
844	0.02037847030989763
845	0.020353705283968387
846	0.02033151822750709
847	0.020302855518069207
848	0.020267036297483488
849	0.02023377500214408
850	0.020220688474139513
851	0.020183497145675314
852	0.02016715929358259
853	0.020130456104894695
854	0.02014666872794101
855	0.02008252527756943
856	0.020058003598189607
857	0.02003890664114984
858	0.019988818783951402
859	0.019966076341980873
860	0.019943513227047144
861	0.019924556324718297
862	0.01988729965973015
863	0.019875444959253582
864	0.019825630015619274
865	0.019799788005596626
866	0.019783940733356892
867	0.01974430402138332
868	0.01972515903367754
869	0.019711938275451306
870	0.01966822646248583
871	0.01965834827290725
872	0.019627550051235322
873	0.01959354923954061
874	0.01956686202378416
875	0.01955159163942488
876	0.019517142649593318
877	0.019514374568493822
878	0.019470992778467717
879	0.019431851833919864
880	0.0194165009505562
881	0.019383058808005237
882	0.01936702925264023
883	0.01934085918553599
884	0.019332193920210183
885	0.019294912543593116
886	0.01926042511258069
887	0.019254143619171396
888	0.019210756752722425
889	0.019183036448733412
890	0.01915126069585099
891	0.019142853128409784
892	0.01912287217046655
893	0.019091118125281737
894	0.019063739416738022
895	0.01903976297045615
896	0.019032367176742476
897	0.018997294696812633
898	0.018962811431455895
899	0.018941064757406326
900	0.018932033012372833
901	0.0188851009541358
902	0.018859670544589716
903	0.01884882020858188
904	0.018819327834272096
905	0.0187987896324119
906	0.0187777864578846
907	0.018741267358037005
908	0.018715736151184287
909	0.018707787927062194
910	0.018667726715990377
911	0.018657483747633423
912	0.018635882783580256
913	0.018616142825355935
914	0.01858062914375424
915	0.018549663440099354
916	0.018559125281158426
917	0.018505882473975447
918	0.018501423045688553
919	0.018454094058120412
920	0.018462609263890095
921	0.018431532929244154
922	0.01840908513921747
923	0.018384564718003784
924	0.018354648546454515
925	0.018350880035994166
926	0.018299569562210224
927	0.018281441801845155
928	0.01826605235332594
929	0.018244601896066963
930	0.01821541763510338
931	0.018185660915666393
932	0.01818909475878952
933	0.018147375546199843
934	0.018129592564447822
935	0.01809765524736013
936	0.018086929131649748
937	0.01806252896611225
938	0.01805710774098666
939	0.0180105478302387
940	0.017981431484561095
941	0.017980039378035835
942	0.0179832970787984
943	0.01794725011989303
944	0.017898452224689575
945	0.017893499026939534
946	0.01785353817700864
947	0.01783116535087803
948	0.017828293157615357
949	0.01779461924580224
950	0.01778066356090924
951	0.01775076266617024
952	0.017726826598319888
953	0.017706219882400284
954	0.01768126616010958
955	0.01766448248158933
956	0.017651631171013996
957	0.01762542332178444
958	0.01759703734140942
959	0.017586937116016464
960	0.01756697296459439
961	0.017534735170310276
962	0.017533420810445385
963	0.017488334994435077
964	0.017481685507058337
965	0.01745295945021545
966	0.017427583729119928
967	0.017409470932463582
968	0.017404793332863967
969	0.017363798694874248
970	0.0173487045225769
971	0.017328294101114864
972	0.017312929461685847
973	0.017287404517937203
974	0.017263091546374367
975	0.017250912845905856
976	0.017243922988156427
977	0.017242335478911984
978	0.017181293511223293
979	0.017165541860496278
980	0.017146997924984465
981	0.017132930329405376
982	0.01713723926121595
983	0.017109903483326548
984	0.01707939264014341
985	0.017046163241104837
986	0.017022691659666106
987	0.017009732375176185
988	0.016991645041944857
989	0.01696376123931262
990	0.016943301097879004
991	0.01692851503400579
992	0.01690872129479339
993	0.016899661099470293
994	0.016888508995391044
995	0.016846831706780665
996	0.01682631957838571
997	0.01681763770967749
998	0.016793997769310464
999	0.016781482116544084
1000	0.016763881428192347
1001	0.016730791282485363
1002	0.016730473198260074
1003	0.01671722434127763
1004	0.01667598038903626
1005	0.01665424490536897
1006	0.016641864948925403
1007	0.01661937174781624
1008	0.016609745205296504
1009	0.016583310503998076
1010	0.016569571950589765
1011	0.016552374944328707
1012	0.01652736001562702
1013	0.016518797710309837
1014	0.016486865301812526
1015	0.016479639081467868
1016	0.016462796096551865
1017	0.016431319029076675
1018	0.016409139386322547
1019	0.016396041306881104
1020	0.016381591255757874
1021	0.016359049751266543
1022	0.016349083093043806
1023	0.016328724335966688
1024	0.016308477535319006
1025	0.016284662076050664
1026	0.016271308802089893
1027	0.016249871699407982
1028	0.016229543848779535
1029	0.01622716978976586
1030	0.01619541402468959
1031	0.016186001472271293
1032	0.016177377634637925
1033	0.01614185797323521
1034	0.016125014065091193
1035	0.016111999551779044
1036	0.01609791506730956
1037	0.016085421552922308
1038	0.01606343708780563
1039	0.016037035520456308
1040	0.01601966266940246
1041	0.01601003274241275
1042	0.015985133556311416
1043	0.015964819244168094
1044	0.015951485195244867
1045	0.015927684829205563
1046	0.01592803445861582
1047	0.015898903643651315
1048	0.01587833046440837
1049	0.015862472707554986
1050	0.015844978742815853
1051	0.0158389612020784
1052	0.015828593343825484
1053	0.015803609909719116
1054	0.015785764851032693
1055	0.015764392897017507
1056	0.01575082061706449
1057	0.015735657663477436
1058	0.015712092266516348
1059	0.015696866162185005
1060	0.015696203291691607
1061	0.015667842543246574
1062	0.015649452430433655
1063	0.015637622923743454
1064	0.015614182859957984
1065	0.015591956198270057
1066	0.015590427741773388
1067	0.015554832655556882
1068	0.015552368741916992
1069	0.015541947063082581
1070	0.015510789973449861
1071	0.015489532207945918
1072	0.01547535392743895
1073	0.015466287673461036
1074	0.015450607220138808
1075	0.015425433722441519
1076	0.015412071260160629
1077	0.015402848216626158
1078	0.015384127208861814
1079	0.015359530434187255
1080	0.015342362842776798
1081	0.01533442882997206
1082	0.015319842397266852
1083	0.015295421854318878
1084	0.015279476053574489
1085	0.015269149737024512
1086	0.01525417493186668
1087	0.01524078492330828
1088	0.015215759588392722
1089	0.015205942914898985
1090	0.015204730251825376
1091	0.015167768800584125
1092	0.015168810742720668
1093	0.015137440910938844
1094	0.015124941375117593
1095	0.015117548587344761
1096	0.01509621260869014
1097	0.015075295442364675
1098	0.015068837346022507
1099	0.015044020008186514
1100	0.015033076448687505
1101	0.015039761062730852
1102	0.015002462743165159
1103	0.01499576544625808
1104	0.014978658444486762
1105	0.014951626260504003
1106	0.01495619486125507
1107	0.014918337177427876
1108	0.014911031949754388
1109	0.014900749496453012
1110	0.014876450527890953
1111	0.014861674876449613
1112	0.014844830314379134
1113	0.014830469959302157
1114	0.01482590974306465
1115	0.014811271837854247
1116	0.014786989630618344
1117	0.01477878002075527
1118	0.01475221375226399
1119	0.014745776811023082
1120	0.014734806411336024
1121	0.014716811166017705
1122	0.014707176424106003
1123	0.014679423232402001
1124	0.014666587971568116
1125	0.014654079100613235
1126	0.014646325116916641
1127	0.014623597417001229
1128	0.01460896947469088
1129	0.014604473742863108
1130	0.014578371193152362
1131	0.014563350320090776
1132	0.014560302309224267
1133	0.014535090912079838
1134	0.014519019528449764
1135	0.014504604088657141
1136	0.014494954570057825
1137	0.014499875133264915
1138	0.014471125540817871
1139	0.014453923200521919
1140	0.014449915987550618
1141	0.014429602125570007
1142	0.014402861772314219
1143	0.014401032079682591
1144	0.01437583720862739
1145	0.014379008191889676
1146	0.014352640305223976
1147	0.014341254385631344
1148	0.014316732255070234
1149	0.014303060515504326
1150	0.014292998362899465
1151	0.014286133509976656
1152	0.014263045955932634
1153	0.014248019517520014
1154	0.014237781594500763
1155	0.014222986897472051
1156	0.014212058219675638
1157	0.014200864429526599
1158	0.014188941397577539
1159	0.014167312336557773
1160	0.014156292055593933
1161	0.014137283987047621
1162	0.014130334955515187
1163	0.014123258401131562
1164	0.014097087406876457
1165	0.014084915077867357
1166	0.01407019275829806
1167	0.014069876430705765
1168	0.014043898952736394
1169	0.014032144879237634
1170	0.014018183755649045
1171	0.014007927992895266
1172	0.013991059406208308
1173	0.013986854827963472
1174	0.013959723638246907
1175	0.013956329398640296
1176	0.013940432755317849
1177	0.013920487255922558
1178	0.013914074134659893
1179	0.013893108718818346
1180	0.01389310036023436
1181	0.013885326429386946
1182	0.013861708321728724
1183	0.013846973922897873
1184	0.013831100342869062
1185	0.013818508819709724
1186	0.013808579894052792
1187	0.01380990650345231
1188	0.013784181279749765
1189	0.013767085360219405
1190	0.013757064261235933
1191	0.013736705391859593
1192	0.013727260496408069
1193	0.013720471275331152
1194	0.013701888274631039
1195	0.013692811338582044
1196	0.013677116817963183
1197	0.013682044384968877
1198	0.013654261557059148
1199	0.013637075265887331
1200	0.013620760360007079
1201	0.013612792693591655
1202	0.013611880440413428
1203	0.013588470557033785
1204	0.013573039584622014
1205	0.013574101739537763
1206	0.013563299626844785
1207	0.013533390482595282
1208	0.013534195469965123
1209	0.013506546270087058
1210	0.013500277799382529
1211	0.013498060904957147
1212	0.013468786184034296
1213	0.013458432648475058
1214	0.013443713787914834
1215	0.013438494802517426
1216	0.013426383565815929
1217	0.013418216926605983
1218	0.013397811836947441
1219	0.013380599889221662
1220	0.013372482671462214
1221	0.013364540007766173
1222	0.013347301346757347
1223	0.013332909133201126
1224	0.013328987405347846
1225	0.013308647299726233
1226	0.013298373026130624
1227	0.013296164232470573
1228	0.013271221860146135
1229	0.013260508052465909
1230	0.013253373900263172
1231	0.013239730223121448
1232	0.013227263254157007
1233	0.013214340285206032
1234	0.013199692018553802
1235	0.013189647342895145
1236	0.0131893490556681
1237	0.01316915392655684
1238	0.013153853990448898
1239	0.013140279142226811
1240	0.013133779711040943
1241	0.013116353108421972
1242	0.013110213627160475
1243	0.01309314340792695
1244	0.013091333218892495
1245	0.01306979552476183
1246	0.01305664535820255
1247	0.013052959954534345
1248	0.013033625174490394
1249	0.013024748175631776
1250	0.013018293874528075
1251	0.012998678573609484
1252	0.013003658536109157
1253	0.012978437951996928
1254	0.012964519947303957
1255	0.012958476077543479
1256	0.012946090075549898
1257	0.012926732575020585
1258	0.012920622149731662
1259	0.012904654270491783
1260	0.0128986445088711
1261	0.012891959297431001
1262	0.01287600026687713
1263	0.012884917588468442
1264	0.012848733193418449
1265	0.012844715668172323
1266	0.012833471335204426
1267	0.012815315127958925
1268	0.012812535755783743
1269	0.01279099206499988
1270	0.012783117302886204
1271	0.012786139809472774
1272	0.012765965635655825
1273	0.01275436059921032
1274	0.012737605391232644
1275	0.012730060958660082
1276	0.012722057146327855
1277	0.012711700832957641
1278	0.012696934128004086
1279	0.012682355956274533
1280	0.012675537927389548
1281	0.012663199992915763
1282	0.012652093819981352
1283	0.01264334452623241
1284	0.01262874708306802
1285	0.012620815109551691
1286	0.01260678573783609
1287	0.012596634545031698
1288	0.012593739390485865
1289	0.012569678520751023
1290	0.012569319318143691
1291	0.012548419207504139
1292	0.012541410626989958
1293	0.012533460082133557
1294	0.012517028342820804
1295	0.012512233379213514
1296	0.012496199962530246
1297	0.01248401455375869
1298	0.012477179216755747
1299	0.012481506050817225
1300	0.012455804866115206
1301	0.012442704287528788
1302	0.012431543641486135
1303	0.01242099625091788
1304	0.012412574155590644
1305	0.012402077023850936
1306	0.012389568530177494
1307	0.012379483968438403
1308	0.012369224080958053
1309	0.012360354957292836
1310	0.012352298718131097
1311	0.012338884332765383
1312	0.01233208238174471
1313	0.01231974656566192
1314	0.012309361276217238
1315	0.012298002912318428
1316	0.012290406120504683
1317	0.012272271262007035
1318	0.012268102899774886
1319	0.012251332443348226
1320	0.01224755906389451
1321	0.012237909061643473
1322	0.01223536154871782
1323	0.012211108183813608
1324	0.012200298557355596
1325	0.012193979422850922
1326	0.012184097084262277
1327	0.01218027096111184
1328	0.012165734502261431
1329	0.012159343752269758
1330	0.01214289820528651
1331	0.012127103303700159
1332	0.012122964351749905
1333	0.012113521796411505
1334	0.012103590079043993
1335	0.012090634724840475
1336	0.012077569320533438
1337	0.012077836556195638
1338	0.012064525075550126
1339	0.012050450698798247
1340	0.01204875919032931
1341	0.012029953211436031
1342	0.012017889806398221
1343	0.012010684326713443
1344	0.012011392491331412
1345	0.011989261954083745
1346	0.011976261571418166
1347	0.011970705427976137
1348	0.011957564095713651
1349	0.011954178910030007
1350	0.011949860670495116
1351	0.011927556232861677
1352	0.011927299138259795
1353	0.011911891003410498
1354	0.011908890552118393
1355	0.011895804921500358
1356	0.01189191628412549
1357	0.011871595848981283
1358	0.01186493193660923
1359	0.01186146318721612
1360	0.011846145615567131
1361	0.011830762152093242
1362	0.011826792515337851
1363	0.01181943916153254
1364	0.011808053106538229
1365	0.011797689626295781
1366	0.011802286732947309
1367	0.011778170673318674
1368	0.011767818085646777
1369	0.011754444344299538
1370	0.011744950771718448
1371	0.011739524953424148
1372	0.011732637000576033
1373	0.011716639486417536
1374	0.011705824549919617
1375	0.011699566752810833
1376	0.011691475508735324
1377	0.01169342074148915
1378	0.011673406799872436
1379	0.011660158573164815
1380	0.011656210508851494
1381	0.011643953849853644
1382	0.011637423054586704
1383	0.011623036023409762
1384	0.011613492890202876
1385	0.011604866409860266
1386	0.011593853943743737
1387	0.011585848921053861
1388	0.011581463037586285
1389	0.011574815749797698
1390	0.011568134995670592
1391	0.011551489199326177
1392	0.011545076652132951
1393	0.011530552827137315
1394	0.011521523784171983
1395	0.01151373642505903
1396	0.01150554731811018
1397	0.01149099617344181
1398	0.011486226110622486
1399	0.011474413496801414
1400	0.011469960915444253
1401	0.011458766417040158
1402	0.011460379775469882
1403	0.011443425336850336
1404	0.011427860087634058
1405	0.011420955138631483
1406	0.01141613848823354
1407	0.011405403234946473
1408	0.011394772145356027
1409	0.011386473654688442
1410	0.01137932434716829
1411	0.011380644482256806
1412	0.011363299442287556
1413	0.01135324705536557
1414	0.011357060111459509
1415	0.011331814205060386
1416	0.011332061037106926
1417	0.011314146988494417
1418	0.01130451428942277
1419	0.01129813487528985
1420	0.011286818856469436
1421	0.011283922976827884
1422	0.011268403770675168
1423	0.011260312262717898
1424	0.01125556682240301
1425	0.011244745443922417
1426	0.011233881556513173
1427	0.01123010272394716
1428	0.011219623032816765
1429	0.011207014899128367
1430	0.011203080929753223
1431	0.011191261390025983
1432	0.011182369996997602
1433	0.011170840061324901
1434	0.011163112668284542
1435	0.011159041729107748
1436	0.011152899669563319
1437	0.011139264036943954
1438	0.011129232909072936
1439	0.011122243960122898
1440	0.011115809476787825
1441	0.011105558210541041
1442	0.011096873478747694
1443	0.011088824085792108
1444	0.011080088413474198
1445	0.011072150350512448
1446	0.01105964202603593
1447	0.011056618003409981
1448	0.011046103643456756
1449	0.011039084651735778
1450	0.011044978465415458
1451	0.011029776608281706
1452	0.011022668928753265
1453	0.011002748381038822
1454	0.01099612228221556
1455	0.010986235935807838
1456	0.01097725563965413
1457	0.01096791250062423
1458	0.01096640271146968
1459	0.010963462023529855
1460	0.010945764624593568
1461	0.010937856098685871
1462	0.010933273408055975
1463	0.010920426511837458
1464	0.01091438139608832
1465	0.010907300524298036
1466	0.010896707151650583
1467	0.010884571962307988
1468	0.010879634088881112
1469	0.010872835375916257
1470	0.010874981934271178
1471	0.010863021439360977
1472	0.01086044790256208
1473	0.010839671994582419
1474	0.01083675252973831
1475	0.01082047535975459
1476	0.010814876875159758
1477	0.010804953012918554
1478	0.010803465536004413
1479	0.010788334490529291
1480	0.010779897024390505
1481	0.010771721533621142
1482	0.01077202958884431
1483	0.010759184864291272
1484	0.010748868860038617
1485	0.010741604772961622
1486	0.010737161375480728
1487	0.010729222232020573
1488	0.010721072163695652
1489	0.010711513537227017
1490	0.010703999483486624
1491	0.0106938126323047
1492	0.010687393056966425
1493	0.010679945774238487
1494	0.01066866135439391
1495	0.010662292783319432
1496	0.010662937270319925
1497	0.010645309599475173
1498	0.010640406105799185
1499	0.01062891903366495
1500	0.010626300177281174
1501	0.010614879848762466
1502	0.010606039740937144
1503	0.010600482315040006
1504	0.01059822949617318
1505	0.010585800010301773
1506	0.010574421120505287
1507	0.010573995515229192
1508	0.010557899430362082
1509	0.01055288459197204
1510	0.010548387473508261
1511	0.010535689482970144
1512	0.01053273800953708
1513	0.010526279671850491
1514	0.010514494980344798
1515	0.010508658539024485
1516	0.010498376828617175
1517	0.010489653365100342
1518	0.010487055603217632
1519	0.010474102744823648
1520	0.010469666163872012
1521	0.010459267199598546
1522	0.01045872738224582
1523	0.01044324681317107
1524	0.01043964049013893
1525	0.010428825542053953
1526	0.010436568961605344
1527	0.010414961689526936
1528	0.010413525242804249
1529	0.010402544915087564
1530	0.010393425184902527
1531	0.010386550963525563
1532	0.01038266434857475
1533	0.010369821862355116
1534	0.010365072421368124
1535	0.010361874811024904
1536	0.01034788496909966
1537	0.010337607241116365
1538	0.010339744444391048
1539	0.010327474247195247
1540	0.010323197598617707
1541	0.010315083756521858
1542	0.01030467830992878
1543	0.010297041197281923
1544	0.010288739012147854
1545	0.010280396043417472
1546	0.010275416672021975
1547	0.010268143518109132
1548	0.010259636854152347
1549	0.010253247814231092
1550	0.010254190356718979
1551	0.010236826783546319
1552	0.010234017790464298
1553	0.010221703275105166
1554	0.010217919214726697
1555	0.010208223465997857
1556	0.0102016766729632
1557	0.010199990399430306
1558	0.01019590904659175
1559	0.010179082266764075
1560	0.010176366752261379
1561	0.010164263028552875
1562	0.01015956458415098
1563	0.01015325193366682
1564	0.010143509566997725
1565	0.010134916670027899
1566	0.010128313707648023
1567	0.010122487302275256
1568	0.010114878850797386
1569	0.010109374228268079
1570	0.010103330914262408
1571	0.01009764160198327
1572	0.010091691092016361
1573	0.010086017366014215
1574	0.01007381426848236
1575	0.010064945281630367
1576	0.010065678124039213
1577	0.010053272156646805
1578	0.01004493632248984
1579	0.01003831129348497
1580	0.0100321832182932
1581	0.010026803447461763
1582	0.01001724485143384
1583	0.010009449952444424
1584	0.010014510684688513
1585	0.009999704924131811
1586	0.009994721129881385
1587	0.009985361018256797
1588	0.00997334234132936
1589	0.009968022382970357
1590	0.009964922363982252
1591	0.0099537689046383
1592	0.009949902750425902
1593	0.00994223572367869
1594	0.009935330932196028
1595	0.009924728381499258
1596	0.009924147911724709
1597	0.00992530250593622
1598	0.009905672871283015
1599	0.009898577669673315
1600	0.0098927460703242
1601	0.009887285770324088
1602	0.009886699122711654
1603	0.00987213474797187
1604	0.009869357640197847
1605	0.009856607006374266
1606	0.00985390591623201
1607	0.009844936187016172
1608	0.009837633260651986
1609	0.009830836438201216
1610	0.009829511926442682
1611	0.00981731745959645
1612	0.009810401951429678
1613	0.009806572136377208
1614	0.009798790608214512
1615	0.009795711212938164
1616	0.009787658573848394
1617	0.009783590148539996
1618	0.009770522249742005
1619	0.009765081059780726
1620	0.009758901761933392
1621	0.009751877570789762
1622	0.009746527698672156
1623	0.009739350798464042
1624	0.00973136833355968
1625	0.009728532753557978
1626	0.00971888961745288
1627	0.009712534232895705
1628	0.009705544856345956
1629	0.009699434103243847
1630	0.00969573777868619
1631	0.009686035260682273
1632	0.009683948972531973
1633	0.009672067741704624
1634	0.009673189494003144
1635	0.009660788655347448
1636	0.009654766027399519
1637	0.009648618326209996
1638	0.00965053542860041
1639	0.009632725494248236
1640	0.009631910658010877
1641	0.009620779677887447
1642	0.009615069011531044
1643	0.00960730845612925
1644	0.009602223992977646
1645	0.009596266108858017
1646	0.009590782512528408
1647	0.009583707325477578
1648	0.009578430591638694
1649	0.00956771515650141
1650	0.009562243512883283
1651	0.009556967486561886
1652	0.009552798825837403
1653	0.009544678763312175
1654	0.009543971834484409
1655	0.009530932982682093
1656	0.009528255658035893
1657	0.00951980965625588
1658	0.009512808398265602
1659	0.009505555012605109
1660	0.00950345027119499
1661	0.009492463165497067
1662	0.009489343182705183
1663	0.009479623399880998
1664	0.009475522390116111
1665	0.009468382032437422
1666	0.009465219592566382
1667	0.009457782040660678
1668	0.00945015127647378
1669	0.009443702185999278
1670	0.0094373766694645
1671	0.00943463329248078
1672	0.00942590313236752
1673	0.0094197670333389
1674	0.009414341494538703
1675	0.009410969458430424
1676	0.009404429728520786
1677	0.009396923253341075
1678	0.009392317706154492
1679	0.009382660117344049
1680	0.009379989096302877
1681	0.009372355936670757
1682	0.00936714177686385
1683	0.009358675702253157
1684	0.009350167771688877
1685	0.009347702963619735
1686	0.009339332491516725
1687	0.009340576239669551
1688	0.009333700843697893
1689	0.00932164035478099
1690	0.00931760513623459
1691	0.009312582856532817
1692	0.00930443137031997
1693	0.009306730640499623
1694	0.009291196039673892
1695	0.00928883056472976
1696	0.009277927988553297
1697	0.009274080000892448
1698	0.009269728092019511
1699	0.009261396194505325
1700	0.009254587538418168
1701	0.009259939785440046
1702	0.009243005494802222
1703	0.009237412894497582
1704	0.009233204569612618
1705	0.009224020580220314
1706	0.009223327231402179
1707	0.00921773162249042
1708	0.009209886162032317
1709	0.009201880178822416
1710	0.009197458218372565
1711	0.009191966098452336
1712	0.009186734260301976
1713	0.009184833307667397
1714	0.009176989368389607
1715	0.009167390647337285
1716	0.009169452727155126
1717	0.009155810867098265
1718	0.009152257869042167
1719	0.009149649209749814
1720	0.00913963556218828
1721	0.00913306424007284
1722	0.00912612519164065
1723	0.009119994036715953
1724	0.009113836056825904
1725	0.009108344438896857
1726	0.009105906647965196
1727	0.009096892739696954
1728	0.009093868325757044
1729	0.009085531249431544
1730	0.009081588626628664
1731	0.009072307832046008
1732	0.0090681256724511
1733	0.00906356415791345
1734	0.009055533468261052
1735	0.009055601660054181
1736	0.009051507852400099
1737	0.009040100200580981
1738	0.009039193867638354
1739	0.009027816266852649
1740	0.00902392303910283
1741	0.009016651705962048
1742	0.009009950918183659
1743	0.00900726521144332
1744	0.009001581511446886
1745	0.008993965127388757
1746	0.008988333666014873
1747	0.008982665512280665
1748	0.008978883888140072
1749	0.008974992153622392
1750	0.00896746915790975
1751	0.008961599783438995
1752	0.0089634656981158
1753	0.008948267574106095
1754	0.008948863040241107
1755	0.008937239974936574
1756	0.008934929778170285
1757	0.008928190820701934
1758	0.008921590462105514
1759	0.008917867312640628
1760	0.008914956682034365
1761	0.008906711819024155
1762	0.008900985471781574
1763	0.008894641160970097
1764	0.008887950310085992
1765	0.008888157184082575
1766	0.008877769998212229
1767	0.008871391767664862
1768	0.008868750412021878
1769	0.008864283947472216
1770	0.008855270864260478
1771	0.008850955096258384
1772	0.008848943846129727
1773	0.00883771826680268
1774	0.008835753010235573
1775	0.008828609635796559
1776	0.00882199864150617
1777	0.00881953982318533
1778	0.008813970982743976
1779	0.008805800388985003
1780	0.008802187535466167
1781	0.008795039656412172
1782	0.00879113052584794
1783	0.008784609777162809
1784	0.008783420479538763
1785	0.008773724177721366
1786	0.00877271269291909
1787	0.008769500593577855
1788	0.008757602099636386
1789	0.008753094650473517
1790	0.008746839554427323
1791	0.008744087317763792
1792	0.00873879130701268
1793	0.008730156173185698
1794	0.008724703831551085
1795	0.008723848106032786
1796	0.008715170737592693
1797	0.008709821527162633
1798	0.008708186493759273
1799	0.008699101982206013
1800	0.008695316475313923
1801	0.008688465410280632
1802	0.00868566229312229
1803	0.008677649971829968
1804	0.00867193182508372
1805	0.008668082765847476
1806	0.008665998159605103
1807	0.008656714170204846
1808	0.008650856447475881
1809	0.008649365278715921
1810	0.008644244628268197
1811	0.008637109372955065
1812	0.008632738305189003
1813	0.008636258333868371
1814	0.008620743298699276
1815	0.008616576377602865
1816	0.008611914602148699
1817	0.008605208256816037
1818	0.008603263014448654
1819	0.008600116469014795
1820	0.008589663228074433
1821	0.008585501687906609
1822	0.008587797472902163
1823	0.008574636467955156
1824	0.008569989177257912
1825	0.008563219622515243
1826	0.008560054455987
1827	0.008556989865311011
1828	0.00855141129848088
1829	0.008542299358541035
1830	0.008538296636540583
1831	0.00853316905690394
1832	0.008528949561091796
1833	0.008525965799072787
1834	0.008520484120303632
1835	0.008512237060589947
1836	0.008510669660205967
1837	0.008504138127715307
1838	0.008498207100526447
1839	0.00849670602445083
1840	0.008487677411543434
1841	0.00848310407695943
1842	0.008479187028238636
1843	0.008474050235988255
1844	0.008466519914724118
1845	0.008463676185428643
1846	0.008457673085773394
1847	0.008451989345374882
1848	0.008449324586591535
1849	0.0084453977702772
1850	0.008441305305341679
1851	0.00844138940510715
1852	0.00843058102945757
1853	0.00842202566862025
1854	0.008419394454040803
1855	0.008414459557162223
1856	0.008414299876103728
1857	0.008404021010833726
1858	0.008402852479315326
1859	0.008396895565218093
1860	0.008389595404588565
1861	0.00838286991781536
1862	0.008378331223285167
1863	0.008372990663326819
1864	0.008370607834759895
1865	0.0083657103395879
1866	0.008367007256555365
1867	0.00835369001333393
1868	0.00834837831918592
1869	0.008347731657923536
1870	0.008343450794959819
1871	0.008335319062957926
1872	0.00833297626344723
1873	0.008330800894244029
1874	0.008322697166367249
1875	0.008318087921047997
1876	0.00831193857311989
1877	0.008305715473415076
1878	0.008299765655169938
1879	0.008296938510156783
1880	0.008290684947325785
1881	0.008287741816337483
1882	0.008281624806302455
1883	0.008280508693944456
1884	0.008277436402134141
1885	0.00826893808168082
1886	0.008268483120717013
1887	0.008266401856606667
1888	0.008252761171617558
1889	0.00824757634225973
1890	0.008244509449526118
1891	0.008238865303173536
1892	0.0082338311139474
1893	0.008229749619210447
1894	0.008228642877803708
1895	0.008219623221042112
1896	0.0082173440698264
1897	0.008209747972027481
1898	0.008204782910177115
1899	0.008203380237913664
1900	0.008196287795520122
1901	0.008192975534569373
1902	0.008188755474789507
1903	0.00818170549067174
1904	0.008177641377034233
1905	0.00817465715737242
1906	0.00816712848886585
1907	0.008164846872815004
1908	0.008158905700898727
1909	0.008154104093220933
1910	0.008150742203172034
1911	0.008145406092123211
1912	0.00813998460266567
1913	0.008140837851702075
1914	0.008132185505526543
1915	0.00812645844958446
1916	0.008124303404589613
1917	0.008122951217214746
1918	0.008112252092809906
1919	0.008107638692717316
1920	0.008106645842678195
1921	0.008100593831921986
1922	0.008094067241162765
1923	0.008091219442621575
1924	0.008088051588589742
1925	0.00808083269217693
1926	0.008075255662645367
1927	0.008072776219826244
1928	0.008067219524596861
1929	0.008068901457848665
1930	0.00805850241847276
1931	0.00805615571211823
1932	0.008047890335010946
1933	0.008045649987979952
1934	0.008045259835113104
1935	0.008037010479298685
1936	0.008029590285495884
1937	0.008029988428427136
1938	0.008027884130513889
1939	0.008018574520484255
1940	0.008012877303410946
1941	0.008008851409540309
1942	0.008004783153140058
1943	0.0080002279169578
1944	0.008001350284139983
1945	0.007991796211996841
1946	0.007985447237086805
1947	0.00798256884328698
1948	0.007976442647503763
1949	0.007973471751929374
1950	0.007975889042527365
1951	0.007962981349226367
1952	0.00795828689983167
1953	0.007955067405825004
1954	0.007950821536512883
1955	0.007951042472541654
1956	0.007943895734908295
1957	0.007940822377296887
1958	0.007935797561956805
1959	0.007928434806955865
1960	0.007923531114249554
1961	0.007922590129324943
1962	0.007915539166743374
1963	0.007913037056752056
1964	0.007906006115941576
1965	0.007902884389053604
1966	0.007898963732172673
1967	0.007893808355205307
1968	0.00789096955359459
1969	0.007886562638081365
1970	0.007881136733201165
1971	0.007878594955234406
1972	0.00787206153836452
1973	0.007866140772463899
1974	0.007864277942533398
1975	0.007859673426064034
1976	0.007861022307883915
1977	0.007852117031021686
1978	0.00784466717754635
1979	0.007843965681122344
1980	0.007836574580321266
1981	0.00783481061261774
1982	0.007833188961608345
1983	0.007823739964060265
1984	0.007820370482916563
1985	0.007817508129040484
1986	0.007813169152152334
1987	0.0078105791854425274
1988	0.007803336809037666
1989	0.0078001140169730475
1990	0.007795457284884643
1991	0.007789608353989782
1992	0.007787065435166031
1993	0.007784985793145691
1994	0.0077771467347851325
1995	0.007773211277656759
1996	0.007774174983083863
1997	0.007769297836353018
1998	0.007760748637991724
1999	0.007759454458151909
