0	1.0180303637609576
1	1.018301002200179
2	1.0248575533869708
3	1.0174073029147377
4	1.017254956408149
5	1.015744344377404
6	1.0200859232901587
7	1.0173189077694722
8	1.017174909404344
9	1.0168319778328059
10	1.023511947403739
11	1.016964153108106
12	1.0165423689944983
13	1.016341434315388
14	1.0168610385020762
15	1.0161646498842636
16	1.0228354807156224
17	1.016984927682906
18	1.016474446345831
19	1.0166371605755666
20	1.0215688582252742
21	1.0173238112169547
22	1.0218686351422182
23	1.0169325768951638
24	1.0164066380536463
25	1.0165740458607173
26	1.016464757940113
27	1.0160462222727404
28	1.0166919895403002
29	1.016607698687194
30	1.0159334345721855
31	1.016694454677061
32	1.016392268261865
33	1.0149084304558367
34	1.0195609803602863
35	1.0136187518884399
36	1.025195215964731
37	1.0166028946761376
38	1.0169576246210459
39	1.0165400398499465
40	1.0151191568310662
41	1.0169187909970558
42	1.0164197678934306
43	1.0164418619977191
44	1.0164458047375546
45	1.021873508739785
46	1.0166300479682764
47	1.0168334649598494
48	1.0153212307418231
49	1.0188821070793965
50	1.016010906811596
51	1.015038850809554
52	1.0167787521391536
53	1.0164241206149938
54	1.0151336122311683
55	1.0240295860711193
56	1.0167254851237275
57	1.0227372202589415
58	1.0238003634288393
59	1.0144877420926193
60	1.0171017997958625
61	1.0153985236127168
62	1.0165681116054694
63	1.0201852735113268
64	1.025033416546714
65	1.0161911012659557
66	1.0162163296332936
67	1.01625278534273
68	1.0155109713959947
69	1.0147144815752789
70	1.0143706219507027
71	1.0241092949197923
72	1.016437050115841
73	1.0209768941193949
74	1.016441106668517
75	1.0232301711516705
76	1.0168249955768167
77	1.0208888522724666
78	1.015854642898561
79	1.0218201317164608
80	1.0140671385317956
81	1.0182102293732203
82	1.0133027793858211
83	1.0242341242725832
84	1.0226216659681373
85	1.0142732823003133
86	1.023327468488344
87	1.016490409152753
88	1.0201407534147051
89	1.015728581547078
90	1.0149727098735033
91	1.0142904802609332
92	1.0181852080175995
93	1.016339403007579
94	1.0159093060075954
95	1.0201590958963842
96	1.0136597043203495
97	1.0161943377663945
98	1.016144153666016
99	1.0194052508247398
100	1.016180647171831
101	1.016342873821706
102	1.014888741538428
103	1.0226743510449032
104	1.0168549623013852
105	1.0158923021470851
106	1.015963512229109
107	1.0150797487248455
108	1.0156480959286789
109	1.0160075086973703
110	1.0159713091006788
111	1.0157377528410203
112	1.015802483342021
113	1.0157702244552058
114	1.0158037750701263
115	1.0157295275506901
116	1.0202733700390723
117	1.0154668289395778
118	1.0193889802865725
119	1.016928754269507
120	1.0210385532838444
121	1.0173845055229014
122	1.0166103742079917
123	1.015931838370387
124	1.0160592611396124
125	1.01523225006984
126	1.0161313297362229
127	1.015029854372088
128	1.0223767054457928
129	1.015914078806537
130	1.016073971186597
131	1.0155896506054336
132	1.014980715110426
133	1.014210093275132
134	1.015819146815064
135	1.0154602785928533
136	1.019583765155003
137	1.0168072895579754
138	1.0127120734293773
139	1.0133213403400028
140	1.0235487548635245
141	1.015578043229107
142	1.0194370684113592
143	1.0133928994680896
144	1.0157291188915207
145	1.0159198621848389
146	1.0148323662859202
147	1.0151890230752971
148	1.0145566819590532
149	1.0159632566816605
150	1.0189318919122834
151	1.015410179523989
152	1.0153313366474357
153	1.015475309690239
154	1.014084213554507
155	1.0139375835771403
156	1.0134560060417468
157	1.0157416337457883
158	1.0141694585027126
159	1.0135813675875835
160	1.0163091757880554
161	1.020403748310268
162	1.022280099624194
163	1.0177643882888265
164	1.015631445926313
165	1.0223908404846165
166	1.014903029399112
167	1.0152473628999208
168	1.0200372269574194
169	1.0169844154928267
170	1.0233536930903964
171	1.0152077718485017
172	1.0149190291328583
173	1.020198241650416
174	1.0147367586623322
175	1.0180680630434937
176	1.0161540907962583
177	1.0141912484222488
178	1.018502847086809
179	1.012530134519948
180	1.021719759056208
181	1.0178670526892657
182	1.0124756069693586
183	1.0225936033737673
184	1.017678767603489
185	1.0143958849801193
186	1.0146107789450935
187	1.0140573849801926
188	1.0147396466765624
189	1.0142191658965962
190	1.0179183870103041
191	1.0151904576647566
192	1.0119141266167477
193	1.015692401006037
194	1.0225428918967876
195	1.0146311020533894
196	1.0141778915500683
197	1.014339057780795
198	1.0180063678253284
199	1.022196520725803
200	1.0134594194402258
201	1.0145639044381074
202	1.014502055491862
203	1.014013884992163
204	1.0144550237792598
205	1.0198962023601186
206	1.014646553363684
207	1.0182700465315713
208	1.0142452498438999
209	1.0191239281941524
210	1.0125249953098288
211	1.0211931242154928
212	1.0142402368117074
213	1.0190871720443129
214	1.014201997579937
215	1.0125718852561854
216	1.0128223932827156
217	1.0146106356509248
218	1.0134625660469796
219	1.0122958148807537
220	1.0139232952780843
221	1.013104304866162
222	1.0136418678744876
223	1.0184311928571568
224	1.0145300022235213
225	1.0184957193214181
226	1.0135588047808253
227	1.0137258419399275
228	1.0135768394682787
229	1.013480595192483
230	1.0130908328630803
231	1.0189780923832847
232	1.013378870140654
233	1.0132563407813795
234	1.0132469468595633
235	1.0126780864566423
236	1.0120396604605886
237	1.0128589437161355
238	1.0128361284746619
239	1.015635288900357
240	1.0136836735579515
241	1.0128952132615123
242	1.0129073573954939
243	1.016617792239467
244	1.0134133045289844
245	1.0186809193411257
246	1.0123199918699461
247	1.0170942788179738
248	1.0139985383393286
249	1.0122053873690176
250	1.0124102441688887
251	1.012790563022311
252	1.012324690225302
253	1.0155497806515879
254	1.0127360893205115
255	1.0206551310599177
256	1.0145361413664922
257	1.0118468102935902
258	1.0110339547080134
259	1.0115538314269903
260	1.0167177180217446
261	1.0116599144476122
262	1.0110709663846351
263	1.013629076781894
264	1.0118457045143
265	1.0087925023984776
266	1.0091792880936805
267	1.0124564730577303
268	1.0102897950854832
269	1.0114402957407016
270	1.0099437116564316
271	1.0094643261113916
272	1.012892952279903
273	1.017693112673543
274	1.013444988606916
275	1.0106156476809423
276	1.0121701598120991
277	1.0115476926662998
278	1.0134770774374862
279	1.0104306128825093
280	1.009972217642465
281	1.0140987973607334
282	1.009306632750051
283	1.0095756680658594
284	1.0088236825092576
285	1.0149388687472178
286	1.0144086131781584
287	1.0077493815282956
288	1.008962841455637
289	1.0086924405279554
290	1.0079437655766212
291	1.0086730001343542
292	1.0112592292194869
293	1.009277448602883
294	1.0104329774308756
295	1.0079570077162006
296	1.007217873504207
297	1.0075644405152775
298	1.0108438801854929
299	1.0071480467897953
300	1.0074701111995386
301	1.0124176305973336
302	1.0065626510627135
303	1.0064948884591198
304	1.0063763625779003
305	1.0091133002842245
306	1.0070659951540497
307	1.0064753386755412
308	1.0057984323840803
309	1.004902836135088
310	1.0067716789843706
311	1.005314848561639
312	1.0051277102920924
313	1.0031342936987948
314	1.0046217941598716
315	1.0068157343419895
316	1.010828680506605
317	1.0062397747248637
318	1.0036934369451733
319	1.0019366138017698
320	1.0031383999383652
321	1.002810124833412
322	1.002221520894782
323	1.002506362509504
324	1.0015431790488405
325	1.0056820231055275
326	1.0000913682132637
327	1.0013847753235272
328	1.0055827942514295
329	1.0011274571238336
330	1.0004396351155767
331	0.9998715052128626
332	1.0018169995955508
333	0.9974634607120141
334	0.9990114690391647
335	0.9991988114451545
336	0.9985408690042765
337	0.9979102549294316
338	0.9974848723581395
339	0.9973593578068385
340	0.9964413264972687
341	0.9988337047408593
342	0.997186631557719
343	0.9990253638168756
344	0.9962531320240492
345	0.9948901648687525
346	0.9961052117922554
347	0.9938054050309391
348	0.9928534760996348
349	0.9919130261556138
350	0.9936687939962104
351	0.9917362191539244
352	0.991452277471945
353	0.9942286629359598
354	0.9916381068173374
355	0.9977042694146394
356	0.989769353684542
357	0.9932512622020765
358	0.9887648565685153
359	0.9931756540707326
360	0.9891488462085125
361	0.9937511381686407
362	0.9864877695858113
363	0.988439196998341
364	0.9855224338971622
365	0.9848339415398157
366	0.9872487103696808
367	0.9890314185116995
368	0.9830376228525202
369	0.9823079906814793
370	0.9816979680702338
371	0.9809894674366539
372	0.9805196805660306
373	0.9804661150633415
374	0.9780573780943379
375	0.9780615107244727
376	0.9806497056230855
377	0.9767849521401566
378	0.9760189964909766
379	0.9752469624125618
380	0.9745476268007364
381	0.9741955871642592
382	0.9761219515585425
383	0.9728255370053358
384	0.9715517880150145
385	0.9709558895101168
386	0.9693987626187828
387	0.9728622052196079
388	0.968180617029335
389	0.96940411984301
390	0.9724188956221207
391	0.9654020296046989
392	0.9649921618173769
393	0.96382360200682
394	0.9656625713697161
395	0.9624320373620896
396	0.9611602189805459
397	0.9611814199793773
398	0.9649235310718063
399	0.9579844091367877
400	0.9596650961291731
401	0.9567872568740121
402	0.9531260998955248
403	0.9547598117730247
404	0.9527410789919927
405	0.9519458043554211
406	0.9512138265656653
407	0.9524961062276525
408	0.9490481790569812
409	0.947900766512672
410	0.9487577637352058
411	0.9453124509468276
412	0.944667782903027
413	0.9461981481171844
414	0.9428059110933804
415	0.9406129517387128
416	0.9396407892711197
417	0.940756599710525
418	0.9381791471929448
419	0.9387781994686937
420	0.9396823285458678
421	0.933845883427183
422	0.9318522955891854
423	0.9301992871310433
424	0.9338490752814923
425	0.9285568235869031
426	0.9270100475430945
427	0.9258530312774602
428	0.9254048158403599
429	0.9260544753949016
430	0.9223166042144622
431	0.9241046171194445
432	0.9191935140134955
433	0.9205895775352514
434	0.9171475291175674
435	0.9143961723681915
436	0.9136590926498548
437	0.9124188996528011
438	0.9111251451788414
439	0.9092106442293686
440	0.9085626565928298
441	0.9093121849490113
442	0.9051172507973152
443	0.9034832478725432
444	0.9018970893111256
445	0.903644146112304
446	0.8998320058545113
447	0.8977495945143583
448	0.8968549923962589
449	0.8946578425743119
450	0.895632396779273
451	0.8921270671497802
452	0.8900843690523879
453	0.8934249493908586
454	0.8866206857219022
455	0.885088621356335
456	0.883778451583694
457	0.8831924058485269
458	0.8826655108254451
459	0.8787792110260456
460	0.8770326294513401
461	0.8763975937052781
462	0.8742667370327264
463	0.8735760990571895
464	0.871371736611485
465	0.8692700750023332
466	0.8676836520541046
467	0.8657589760338339
468	0.8649022074388824
469	0.8657297032010844
470	0.8651700412909813
471	0.8603038536699987
472	0.8614576912775164
473	0.8575292168790646
474	0.8554478001150748
475	0.8543625703630637
476	0.8519387217848746
477	0.8529864954693893
478	0.8477229959047019
479	0.8481483288836351
480	0.8452089122739841
481	0.8439775773334389
482	0.8429671959307983
483	0.8407029873545111
484	0.839093645223929
485	0.8389473050282588
486	0.8395207768578322
487	0.8366089057541221
488	0.8334117332116893
489	0.8311208622161117
490	0.8339244545784507
491	0.8287978717649955
492	0.8250505411975844
493	0.8271433066274604
494	0.822992134463539
495	0.8215307612100129
496	0.8223901714870878
497	0.8182924650210157
498	0.8164747839120815
499	0.8155453218661697
500	0.81349323292268
501	0.812349730836859
502	0.8091127026693119
503	0.8089946463925414
504	0.8068526085984079
505	0.8072234651195149
506	0.8043369812952419
507	0.8023532680736949
508	0.80090351427324
509	0.7994772729736948
510	0.7976023219171441
511	0.7961368689178904
512	0.7957558219269255
513	0.7940099901138451
514	0.7929803403825033
515	0.7903277239670966
516	0.7891633139836056
517	0.7866600210330871
518	0.7858839091197775
519	0.7832136761391064
520	0.7825889203619322
521	0.7817289911027916
522	0.7801392229668092
523	0.781161616044403
524	0.7764960055489629
525	0.7752861564579093
526	0.7753260553724488
527	0.7720788203434947
528	0.7705556481066469
529	0.771132864926585
530	0.7702211266476038
531	0.7672192887783613
532	0.7647791796935302
533	0.7639534713796194
534	0.7638875203846311
535	0.7601945908370769
536	0.7597947642459424
537	0.7577029967221459
538	0.7564951984626115
539	0.7551748179065789
540	0.7541917515952419
541	0.7539324720162184
542	0.7535344960563054
543	0.7504240205223434
544	0.7505512551086458
545	0.7471359650537592
546	0.7455456955368378
547	0.7438817349142057
548	0.744009785954695
549	0.7416483256124361
550	0.7397739781122176
551	0.7388268535406812
552	0.7379001974040513
553	0.7373045612594832
554	0.7355946595856893
555	0.7344777411800477
556	0.7323107867412482
557	0.7324138202428988
558	0.7298063761248097
559	0.7285110964954852
560	0.7273838830409998
561	0.7258775533402004
562	0.7252638467171763
563	0.7239414923039491
564	0.7221389820157716
565	0.7208669665536819
566	0.7203997371332298
567	0.7188447185877366
568	0.7170936447110582
569	0.7173204102361553
570	0.7159754842321417
571	0.7138650302771383
572	0.7127708057481799
573	0.7120408336192675
574	0.712534947145395
575	0.7107061114989102
576	0.7081133173805005
577	0.7071693167934551
578	0.7057742321594646
579	0.7048033089864355
580	0.7038005369236966
581	0.702177071824532
582	0.7013628431351591
583	0.6998402791103686
584	0.6988636886292382
585	0.6976074716218603
586	0.696553326990845
587	0.6951848341652116
588	0.6951737952125605
589	0.6928727723189799
590	0.6916776742358911
591	0.6914015658180892
592	0.6904801098142241
593	0.6883873582104294
594	0.6873817429433331
595	0.6864477812977511
596	0.685224078960942
597	0.6847555388313081
598	0.682886106372622
599	0.682369782932103
600	0.6809653974576563
601	0.679959264968477
602	0.6792600714495357
603	0.6770763167074103
604	0.6769199956972962
605	0.675329466669975
606	0.6745520891316612
607	0.6744840618899504
608	0.6719852399832328
609	0.6716894488661426
610	0.6703449436561321
611	0.6697459440069732
612	0.6678600305966551
613	0.6670162132749128
614	0.6656650853626414
615	0.664323349612503
616	0.6638492366351334
617	0.6621785886958458
618	0.6614548726723486
619	0.6605066466843825
620	0.6591668683247306
621	0.6578963437422394
622	0.6585985094633908
623	0.656320911748689
624	0.6554632557302142
625	0.6564773981935882
626	0.6545431072580109
627	0.6514311315817036
628	0.652288894259146
629	0.6503444972898937
630	0.6487961456135497
631	0.6476860188228868
632	0.6464294763320699
633	0.6466997042225705
634	0.6447993766217897
635	0.643910789950487
636	0.64247361227234
637	0.6416536139640391
638	0.6406801126097411
639	0.6400673524741378
640	0.6386346283713847
641	0.6372220443707228
642	0.6359097167822885
643	0.634598469929467
644	0.6367899836191165
645	0.6326146723695453
646	0.6318448510200599
647	0.6313245600275247
648	0.6301526956533006
649	0.6287108659278855
650	0.6279688569021076
651	0.6273213423838446
652	0.6257396508238133
653	0.6245304130502987
654	0.6252101591946178
655	0.6246544555211528
656	0.6214123134412521
657	0.6207286360844482
658	0.6187137588833098
659	0.6184509892836298
660	0.6173696850710636
661	0.6171236735204112
662	0.6148928337159649
663	0.6133094160316458
664	0.6131132891243878
665	0.6112386784648762
666	0.6114827292628772
667	0.6092224325282645
668	0.6090499997652837
669	0.6090303329391175
670	0.6065083155687419
671	0.6066984167724776
672	0.6047524250360304
673	0.6027122007507117
674	0.6022167216101966
675	0.6013781343602813
676	0.5993614536407715
677	0.5996996033413553
678	0.5970620445907814
679	0.5966066403517185
680	0.595199576772184
681	0.5945467051817822
682	0.5929423239311504
683	0.5932457947033873
684	0.5898128900460332
685	0.5899261317828842
686	0.5873722123115787
687	0.5869720262475107
688	0.5853709743586865
689	0.58398055720089
690	0.5835723615732461
691	0.5836363643038401
692	0.5815182788871617
693	0.5792496232758588
694	0.5796516052767842
695	0.5790613985087185
696	0.5765295194985995
697	0.5749797039710633
698	0.5771452861442323
699	0.5725228141492719
700	0.5715361534766703
701	0.5697638507506417
702	0.5688880059145033
703	0.5685324096389306
704	0.5666748888500983
705	0.5644164561861359
706	0.5644239637028627
707	0.5635561472486883
708	0.5637188094856485
709	0.5597421136905122
710	0.5591358488841658
711	0.5581784264921895
712	0.5575106013075665
713	0.5558415309612244
714	0.5553075246891899
715	0.5520734486575298
716	0.552902559740021
717	0.5503704313928279
718	0.5487153389176491
719	0.5478339988463634
720	0.5467374017978779
721	0.5435939607256468
722	0.5435908664071694
723	0.5405260332405617
724	0.5389959235386202
725	0.5379132205429903
726	0.5374505511997462
727	0.5372875594567021
728	0.535835443353324
729	0.5325926930271395
730	0.5312923025704919
731	0.5301787426528208
732	0.5316632715384493
733	0.5276196935583949
734	0.5271461175194934
735	0.5237023233410747
736	0.5238301090823707
737	0.5241159357094934
738	0.521924628269547
739	0.5188260315553818
740	0.5176130742125135
741	0.5166208848368089
742	0.5142061708628209
743	0.5123044800453929
744	0.5112759921597139
745	0.5097411284581749
746	0.5075551071671492
747	0.5071256870962702
748	0.5058418932440523
749	0.5052244504448786
750	0.5025381535845009
751	0.5026988058328377
752	0.5000324323293414
753	0.4978414595002143
754	0.4953205645752661
755	0.4957805323097513
756	0.49226834826994703
757	0.4932557895681532
758	0.4918718894326156
759	0.4892339835452515
760	0.48843758140815563
761	0.4860688973963613
762	0.4859020088569966
763	0.4847665337851483
764	0.4810399812788503
765	0.4806220149880971
766	0.47910624688206643
767	0.47817396222688735
768	0.47545184359545895
769	0.47260742526173183
770	0.4720013390571992
771	0.4687386246536168
772	0.46688921350563795
773	0.4689781473262741
774	0.4647497244036556
775	0.4643346718398915
776	0.4606495071380924
777	0.46041442151527023
778	0.45984869204963713
779	0.4601195126817022
780	0.45468261963007905
781	0.4521160359982735
782	0.44986598147291224
783	0.44821863460628475
784	0.4461407729366683
785	0.4460254775870976
786	0.44512139639820586
787	0.4411314704791733
788	0.4414851109896568
789	0.4381025880738642
790	0.4370709065996825
791	0.4356549805068457
792	0.43530732097682223
793	0.4311184645963363
794	0.43011962121031744
795	0.42749921262545854
796	0.4284468757460026
797	0.4279030339788723
798	0.42213090468741843
799	0.4200949355667152
800	0.4198512011232048
801	0.41766612017140453
802	0.41525169790525784
803	0.4147189491322164
804	0.41211858217122305
805	0.410571995077692
806	0.40959227453690383
807	0.40731105965501757
808	0.4075722178089479
809	0.40384412953628485
810	0.4020475264464541
811	0.4004233828556297
812	0.39687658780128154
813	0.3976030384604071
814	0.39713716381928754
815	0.39516568575740013
816	0.3903276047733336
817	0.39239011471224283
818	0.38782359949760625
819	0.3850041605073724
820	0.3825896682015358
821	0.3805997702970467
822	0.38001851585998764
823	0.3827324085938828
824	0.3764338513791003
825	0.3743630290319095
826	0.3722419059425942
827	0.3739852321168266
828	0.37024262418854625
829	0.3686366048179983
830	0.36877881288834113
831	0.3673716492345915
832	0.3633030324678755
833	0.3625179827495976
834	0.35791154083454
835	0.35598396806510413
836	0.35637626866202804
837	0.3534566711007044
838	0.3511056105097698
839	0.3495816798246127
840	0.3480005617665105
841	0.34843295827664067
842	0.3443355598885427
843	0.34223854854983426
844	0.3433261663864642
845	0.33841874630075297
846	0.33978476336623153
847	0.33597181989522384
848	0.33352751264909786
849	0.333759130191592
850	0.3312768477922803
851	0.3339691838377185
852	0.3261851329587104
853	0.3259892285701422
854	0.3232377594752113
855	0.3228628471209055
856	0.3204895555731079
857	0.3173603619455676
858	0.31567945717475787
859	0.3182237771530255
860	0.3160902339519537
861	0.3118597851430668
862	0.3085250259760872
863	0.3103967883887788
864	0.30628854879860284
865	0.30510514571983616
866	0.30168221708108245
867	0.30096590727691586
868	0.3015284375866521
869	0.2988998825643776
870	0.29539287936866887
871	0.29414640350004345
872	0.29310335786220965
873	0.2917444464322885
874	0.2902413953214183
875	0.28840459687614695
876	0.28611456039651717
877	0.2840069956739488
878	0.2832104831822751
879	0.2810323474272808
880	0.2805948790347385
881	0.27675266379240093
882	0.2757452026070888
883	0.27303694825493713
884	0.276186894292515
885	0.2713333037717815
886	0.27076821808881557
887	0.2693956178542739
888	0.26549010865070977
889	0.26426772421278566
890	0.26342911342412817
891	0.2607859932098297
892	0.2607057756583074
893	0.25956834890718955
894	0.25793673152440993
895	0.25556981809960466
896	0.2557874455074639
897	0.25505432386277876
898	0.25221343187299256
899	0.25173487702442254
900	0.24864329570629673
901	0.24706520177827998
902	0.24487883768922758
903	0.24449770152525244
904	0.24295411660526883
905	0.24133797008869362
906	0.23950501907006685
907	0.23716178880852862
908	0.23650779057899757
909	0.2346505124268714
910	0.23380866528601355
911	0.23289933381342443
912	0.23202016654335791
913	0.22954542313095155
914	0.22765822380012038
915	0.22606042050477765
916	0.22470638025935447
917	0.22345125225346185
918	0.22419013111439928
919	0.2204900026451269
920	0.219273957895015
921	0.21801981509921037
922	0.21810842522703383
923	0.2157285546430487
924	0.21370515531458686
925	0.2129376307892627
926	0.21224801056564263
927	0.2112005458461456
928	0.20964485923147044
929	0.20883451934341862
930	0.20639647397556932
931	0.2051475986009761
932	0.20444410455016226
933	0.20291332846773935
934	0.20096175971456778
935	0.20123873294592046
936	0.1990166500246546
937	0.19740920347829663
938	0.19734645522645483
939	0.19670250172727063
940	0.1946369195303152
941	0.1928575049891527
942	0.19159713249029292
943	0.19054068128802096
944	0.19026411780156144
945	0.18945222297347694
946	0.1887595973952831
947	0.18572590391301247
948	0.18602213777551463
949	0.18348234749527775
950	0.18226851900284383
951	0.18187349876863557
952	0.18091418826126296
953	0.17893386119419
954	0.1781076088786773
955	0.17768281435920352
956	0.17688832743235555
957	0.1744285190096274
958	0.17390735392648507
959	0.17418860625771385
960	0.1712740491634837
961	0.17095724587110622
962	0.16997751806156808
963	0.1705262464177421
964	0.16783197522258342
965	0.1665650345504906
966	0.16564553584406053
967	0.1644796534465334
968	0.16400734535492129
969	0.16375212485947227
970	0.16203007826008992
971	0.16161462498922632
972	0.16069674860129046
973	0.15940324314106946
974	0.15823399804419458
975	0.15819060875549068
976	0.15631498269858338
977	0.1550841717380878
978	0.15652329025051348
979	0.153873503703013
980	0.15231103525501324
981	0.15159387251938308
982	0.15195342986984095
983	0.1503506100322357
984	0.14904414800173132
985	0.1481603514843966
986	0.14697165008576485
987	0.1460438998891573
988	0.14619398618504817
989	0.14458535371862927
990	0.14342714969042397
991	0.14282175173896502
992	0.1418694238525794
993	0.141950627951628
994	0.14012969624418853
995	0.13971099434746123
996	0.13850879719516193
997	0.13852114689476447
998	0.13676663738284656
999	0.13639090919882857
1000	0.13560017083419856
1001	0.13559706000344618
1002	0.13488086100642807
1003	0.13335405716439946
1004	0.13236675804191686
1005	0.1328510820384453
1006	0.1315341676040796
1007	0.1312789675224039
1008	0.1304884823165662
1009	0.1285332257870952
1010	0.12842340053758144
1011	0.12844821661914324
1012	0.12646361282478133
1013	0.1266050385785865
1014	0.12496264068240456
1015	0.12446658753886947
1016	0.12446201606344279
1017	0.12312584284619453
1018	0.1223021681553782
1019	0.12237536647948757
1020	0.12114281673491205
1021	0.12095168317638055
1022	0.1199852300458226
1023	0.11900470725894685
1024	0.11819245235915019
1025	0.11769196437123014
1026	0.11678568771749742
1027	0.11671535025372226
1028	0.11564356982611736
1029	0.11534344625874446
1030	0.1144981719284527
1031	0.11379130122568681
1032	0.11384926635043435
1033	0.11345519691804976
1034	0.11192156920108062
1035	0.11193817455492062
1036	0.11161763529159989
1037	0.11051614670877091
1038	0.10986499779279049
1039	0.10954997707565109
1040	0.1087608294831939
1041	0.10773332287575135
1042	0.10792202076053811
1043	0.10708940153037019
1044	0.10652087586860731
1045	0.10614100746031588
1046	0.10516241918786048
1047	0.10453737942357544
1048	0.10389856707666392
1049	0.10381877081110058
1050	0.10296496348131051
1051	0.10238811406217567
1052	0.10198595041784547
1053	0.1013972682578815
1054	0.10077675890639919
1055	0.10071875824823945
1056	0.10114222033785392
1057	0.09919662650770958
1058	0.09911558850241886
1059	0.09842783838244261
1060	0.09787014176540329
1061	0.09725872518469589
1062	0.09697595230514555
1063	0.09638656028036595
1064	0.0961603277196841
1065	0.09556310753177848
1066	0.09495351637351483
1067	0.09439850213503245
1068	0.0940817356724971
1069	0.0934854926573046
1070	0.09297426330512135
1071	0.09266712790960852
1072	0.09246397847682218
1073	0.0917384589924089
1074	0.09109423541333041
1075	0.09082917064059899
1076	0.09009060212164811
1077	0.08993113212596009
1078	0.0895718964833506
1079	0.08898240892218465
1080	0.08875860531761823
1081	0.08815828561381568
1082	0.08777133822019101
1083	0.08749647473106768
1084	0.08744312003427991
1085	0.08640463824230438
1086	0.0861342461163308
1087	0.08644820619938959
1088	0.08543679421961278
1089	0.08477080466629125
1090	0.08496425397929218
1091	0.08394492364241045
1092	0.08375827518232516
1093	0.08359431889972888
1094	0.0830330111488228
1095	0.08230758527327285
1096	0.08225516128000485
1097	0.0816125619591109
1098	0.08145683561027751
1099	0.08095768748601408
1100	0.08051677201576213
1101	0.0805375520197189
1102	0.07978075148968318
1103	0.0797998259984648
1104	0.07930449719220926
1105	0.07900634135325439
1106	0.0783808450912068
1107	0.07811269863425246
1108	0.0779224648432932
1109	0.07719778964981722
1110	0.07713752062998591
1111	0.07663148883267126
1112	0.07645212452239937
1113	0.07587957261714773
1114	0.07594646193898988
1115	0.07566500604218669
1116	0.07498275442445959
1117	0.07469584547484895
1118	0.07458905244846467
1119	0.07404293255647676
1120	0.07399147058186586
1121	0.0733300096115085
1122	0.07316434155416994
1123	0.07278384411808131
1124	0.07265078083795255
1125	0.07198104543872588
1126	0.07196154550980685
1127	0.07156737312180643
1128	0.0715554092082797
1129	0.0706888424962964
1130	0.07058326280046279
1131	0.07038801701976892
1132	0.06991307216376094
1133	0.06953217533313417
1134	0.06921260148203616
1135	0.06894158371033633
1136	0.06870021844342872
1137	0.06830833830771385
1138	0.06840896354266703
1139	0.0679932983511241
1140	0.06744018302394074
1141	0.06722312624294784
1142	0.06697419552902346
1143	0.0671420728639781
1144	0.0665455299582209
1145	0.06603850077567194
1146	0.06611063004805454
1147	0.06557301677675512
1148	0.06565265018020806
1149	0.06516950108010904
1150	0.06524851637755129
1151	0.06477677617009943
1152	0.06454735396458716
1153	0.0639180014220687
1154	0.06365239797809916
1155	0.06347653825018432
1156	0.06317730770520395
1157	0.0630072706392188
1158	0.06272944977645023
1159	0.06250259167397224
1160	0.06208936939235914
1161	0.062355717923568
1162	0.06182217657097257
1163	0.0614763257025936
1164	0.061416623611775994
1165	0.06135811650550609
1166	0.060875175383262724
1167	0.06060707825538973
1168	0.06047500373654795
1169	0.0603042463580309
1170	0.06001491839036187
1171	0.05954494927293286
1172	0.059434022190917396
1173	0.05906555557323667
1174	0.05900640212990785
1175	0.05863224122199493
1176	0.05860155602824977
1177	0.05841317640858201
1178	0.05804004010710117
1179	0.05783801040297701
1180	0.05767114507351139
1181	0.0575027815747913
1182	0.05709623687291342
1183	0.05684780978593175
1184	0.05666544838255171
1185	0.05641664542539471
1186	0.0562673869518289
1187	0.05619142673698973
1188	0.0560940705160626
1189	0.055773643359644264
1190	0.055496890010512806
1191	0.05521050083186045
1192	0.055223985681399156
1193	0.0548358514111511
1194	0.05469931112987459
1195	0.05445110074126211
1196	0.05436922690513052
1197	0.054296837530073985
1198	0.053837516170805295
1199	0.05360787086292181
1200	0.05355005890287773
1201	0.053523137642769454
1202	0.05297023123549215
1203	0.052897880680933484
1204	0.05262562440817897
1205	0.05244987932695477
1206	0.052294747337537806
1207	0.052070302762943395
1208	0.05224035936927645
1209	0.051852766912746415
1210	0.051638745249409305
1211	0.0513824474543881
1212	0.051297056866552636
1213	0.051146786560271815
1214	0.05077447431059404
1215	0.05060574832712864
1216	0.05060975737626994
1217	0.050359694740994256
1218	0.05019903068572321
1219	0.050081218326795664
1220	0.04980451236549936
1221	0.04967372595920047
1222	0.04940595292596048
1223	0.049622443324068524
1224	0.049116739202375054
1225	0.048934770504096364
1226	0.04871673373225001
1227	0.048614902855458206
1228	0.0486066747543433
1229	0.04821289000104824
1230	0.048133676488219757
1231	0.04795977092879553
1232	0.04782351025429428
1233	0.04767400965944976
1234	0.04746741294514189
1235	0.047388796696635704
1236	0.04709121513368775
1237	0.047103551196613004
1238	0.046800217858018994
1239	0.04662114295039317
1240	0.04643826465765154
1241	0.04640644644493059
1242	0.0462114355685469
1243	0.046027681880487385
1244	0.04586321516574774
1245	0.045746859343971366
1246	0.04553385003703333
1247	0.045449502276858594
1248	0.04530651109699501
1249	0.04523134585407341
1250	0.04514920891105908
1251	0.044872112794774106
1252	0.04479782105701105
1253	0.0445491085988015
1254	0.04476870500295285
1255	0.04428866954152116
1256	0.04415404825235786
1257	0.04397960608266192
1258	0.04388573856569983
1259	0.04374085705207029
1260	0.04356553184148306
1261	0.04343743748033939
1262	0.04328160446010581
1263	0.043131529844601536
1264	0.04313191644301518
1265	0.042861212075167236
1266	0.042840266048680756
1267	0.04267209770138818
1268	0.04251884431275201
1269	0.042336246755186005
1270	0.042282891251247165
1271	0.042323255260129505
1272	0.04194276498814155
1273	0.0419617554524628
1274	0.041732291707653656
1275	0.04156869505172534
1276	0.041445480635652523
1277	0.041313655737899815
1278	0.04113580010330782
1279	0.041099148791405096
1280	0.04090534626444911
1281	0.04101637174790078
1282	0.040820706896532326
1283	0.04061201192102788
1284	0.04045922817409833
1285	0.04042140147759453
1286	0.0402246205116846
1287	0.04008730310113057
1288	0.040150577347587264
1289	0.03981953936312302
1290	0.03996805415828595
1291	0.03959562529776007
1292	0.03952920864845278
1293	0.0393445500549036
1294	0.03924741736899488
1295	0.039249361117191975
1296	0.03925396307602324
1297	0.0389186972644501
1298	0.03879008413579779
1299	0.03886808910913821
1300	0.03862943318431337
1301	0.03844250575809047
1302	0.0383208669574892
1303	0.03836974340504203
1304	0.03819702180471333
1305	0.03800668229909345
1306	0.0379470005887287
1307	0.03782299260724162
1308	0.03766469981870045
1309	0.03761456493246908
1310	0.03743465171902037
1311	0.037334477982223
1312	0.03722214929960113
1313	0.03724650630913237
1314	0.037006014280070144
1315	0.03702858405446165
1316	0.03691677995383771
1317	0.03669291882538752
1318	0.03663623463371872
1319	0.036590484468005426
1320	0.03637798638190826
1321	0.03639745828445469
1322	0.036355549739081575
1323	0.036110562686492764
1324	0.036031843901327895
1325	0.03589858164533236
1326	0.035833585045614465
1327	0.035756316041166136
1328	0.03562959266361641
1329	0.03554631718336612
1330	0.03544201468653285
1331	0.035348948626831606
1332	0.035200545712508594
1333	0.03512590912002982
1334	0.0349762193767095
1335	0.034964879066041746
1336	0.03486848922617257
1337	0.03471654197325935
1338	0.03468340970343541
1339	0.03454843624849335
1340	0.03444494828092467
1341	0.03437679918483319
1342	0.034428364536230084
1343	0.034193676392055804
1344	0.034141006630582116
1345	0.034133761232915
1346	0.03388558584703466
1347	0.0338287574019602
1348	0.033791353689814334
1349	0.03366549834813442
1350	0.0335706200796613
1351	0.033485419970746465
1352	0.03334489785008609
1353	0.03328495850373565
1354	0.03328176593259211
1355	0.033088032656695895
1356	0.03306632166337357
1357	0.03293514299267486
1358	0.03282141766892695
1359	0.0328230773185662
1360	0.032727537044044075
1361	0.03263206687043646
1362	0.032530258062733436
1363	0.03241326107671433
1364	0.03250849973816372
1365	0.03231106438073621
1366	0.03221196723516453
1367	0.03215767510692972
1368	0.032094834753183865
1369	0.03194520464627278
1370	0.03184908785495672
1371	0.031762705973831254
1372	0.03169839513281747
1373	0.03160309541444958
1374	0.031517229554768676
1375	0.03146339937431964
1376	0.03135224650013048
1377	0.031288318832643866
1378	0.03124041196826794
1379	0.03120804819780103
1380	0.03112908240196742
1381	0.030956936702007012
1382	0.03093586080679521
1383	0.030924150919319188
1384	0.030727515705315712
1385	0.0306940363057705
1386	0.03069221350076647
1387	0.030536593219759083
1388	0.03048069589410934
1389	0.030364636976617097
1390	0.030342796525267682
1391	0.030282354464153297
1392	0.03015995414159013
1393	0.03015920256469623
1394	0.030013637756597697
1395	0.02991297710013668
1396	0.029942424311956505
1397	0.029749881074840098
1398	0.029710283497733594
1399	0.029628744194970115
1400	0.029610442523254163
1401	0.029450925055908725
1402	0.029418767768417172
1403	0.0293232773873625
1404	0.029269828564143546
1405	0.0292147673739392
1406	0.02910920757972859
1407	0.0290830328174127
1408	0.02897752964551542
1409	0.028927548018541645
1410	0.02886077434571715
1411	0.028867304924761476
1412	0.02873868501913681
1413	0.02866464283470958
1414	0.028678401299295192
1415	0.028529861282974963
1416	0.02844374367280655
1417	0.028448018837326613
1418	0.0282991665286158
1419	0.028247513227335375
1420	0.028168243272742692
1421	0.028115636663320273
1422	0.02807384982516461
1423	0.02802681760539003
1424	0.027935133686579555
1425	0.027915757080566816
1426	0.027833955216155535
1427	0.027777965548892267
1428	0.02778064298611545
1429	0.02762271581093251
1430	0.027537459211195756
1431	0.02749285267289814
1432	0.027447665308491742
1433	0.027457149091074308
1434	0.0272880926108036
1435	0.02721662992518409
1436	0.027171510867496723
1437	0.027087673703745613
1438	0.02704428601458597
1439	0.026972659207610473
1440	0.026906386035184294
1441	0.02685685010208603
1442	0.026861251283816275
1443	0.026725438973297135
1444	0.026743631999464827
1445	0.02662447341197665
1446	0.02665221348544352
1447	0.02651692668696877
1448	0.026468672555510674
1449	0.02638539976431849
1450	0.026328224884746784
1451	0.026251556389912587
1452	0.02622708161940962
1453	0.026179534964849954
1454	0.02607650611971147
1455	0.0260222450319885
1456	0.02597215278793169
1457	0.02595638143376934
1458	0.025871397028302153
1459	0.025827997369617633
1460	0.025783543915718313
1461	0.025732793582748964
1462	0.025684050985001664
1463	0.025590806863511194
1464	0.02554089381743324
1465	0.025461640424246344
1466	0.025400278402622316
1467	0.025386262601361606
1468	0.02535313866821767
1469	0.02531655986308433
1470	0.02523273316816954
1471	0.02518219116510122
1472	0.025082399834160427
1473	0.025099775236702534
1474	0.024996196320724067
1475	0.024951594466661044
1476	0.02486880487535517
1477	0.024854745313898162
1478	0.024781752146992048
1479	0.024748910305147954
1480	0.02471945353797458
1481	0.024638411158536544
1482	0.0245544202625775
1483	0.02454000389257421
1484	0.02448188216739999
1485	0.02441090074226102
1486	0.024373800543984053
1487	0.024327210757648352
1488	0.02430056093911676
1489	0.024209594759537472
1490	0.02422055380280563
1491	0.02417090486424501
1492	0.024102381688418315
1493	0.02399900536423972
1494	0.02397649745524284
1495	0.023910376234413142
1496	0.023889064284444796
1497	0.023834438868846765
1498	0.023789449147344367
1499	0.023708368147088973
1500	0.023657990767123674
1501	0.023636129383101258
1502	0.023645572600323104
1503	0.02355521536496338
1504	0.02354855145402005
1505	0.023446541662520186
1506	0.023369075529836587
1507	0.023334363827698764
1508	0.023337351342761957
1509	0.02325922010750116
1510	0.023206612597191534
1511	0.023189320643729895
1512	0.023112628209882295
1513	0.023038752544708767
1514	0.023049597130530383
1515	0.02294616391571827
1516	0.022951911674192534
1517	0.022899758700580596
1518	0.022843096158538943
1519	0.022769132116284993
1520	0.02280149114598326
1521	0.022702158813850064
1522	0.022645325434017136
1523	0.022597491718027066
1524	0.02258877399252051
1525	0.022556960159644278
1526	0.02251972622265727
1527	0.022426321228754677
1528	0.022407795588962456
1529	0.0223299740547397
1530	0.022301681063982285
1531	0.022260749607851352
1532	0.022206839169950532
1533	0.022177805359531122
1534	0.022138375941685787
1535	0.022087560464766696
1536	0.02209832297227409
1537	0.021997716949199223
1538	0.021945631759209758
1539	0.021940077079264438
1540	0.021909759819413222
1541	0.021822117540981047
1542	0.02183649004830015
1543	0.02181113176411962
1544	0.021717337408983354
1545	0.021683277456867454
1546	0.021628070251122466
1547	0.02162350998655243
1548	0.021570575387347517
1549	0.021516211798748183
1550	0.02150973075350967
1551	0.021453727237138266
1552	0.021362116379289104
1553	0.02136833678646956
1554	0.021291769664924687
1555	0.02125134664266986
1556	0.021200340476808237
1557	0.021183498064542797
1558	0.0211269187888934
1559	0.021117369305163777
1560	0.021091198271095526
1561	0.02102023110316252
1562	0.02097362811740422
1563	0.02093793602572342
1564	0.02088629444575504
1565	0.020853428024079412
1566	0.020806352705870057
1567	0.020788916938902377
1568	0.020790741916678915
1569	0.020705331506649858
1570	0.020662479223365615
1571	0.020629933844779735
1572	0.020582916296263926
1573	0.020579869399652576
1574	0.020538790364569043
1575	0.02048577058779685
1576	0.020473244253775044
1577	0.020450345003464203
1578	0.020360869892754166
1579	0.02035545619103158
1580	0.020282907972432068
1581	0.020259778412358927
1582	0.020214736543898236
1583	0.020209536000280786
1584	0.020149064428613063
1585	0.020096709159903293
1586	0.02006302903381772
1587	0.020022970584842634
1588	0.0199941971536459
1589	0.019993105386020196
1590	0.019946286129258008
1591	0.019905951149952836
1592	0.019908609248857078
1593	0.019833017212907915
1594	0.019797153107902782
1595	0.019752058019865026
1596	0.01975078870089133
1597	0.019691146596074557
1598	0.01966307334674213
1599	0.01960392780913065
1600	0.01956382739685701
1601	0.019552097072984356
1602	0.01950481735919701
1603	0.01948769001473111
1604	0.019427161043714336
1605	0.01941501820781381
1606	0.019376851321694647
1607	0.01935051847310204
1608	0.019316827871665717
1609	0.01929306226578935
1610	0.019283713741702825
1611	0.019205997291954036
1612	0.019173195499439313
1613	0.019143869701514757
1614	0.01914738560258937
1615	0.019108708839705127
1616	0.019036149590356505
1617	0.019015848406191048
1618	0.018987953014339073
1619	0.019000718242291183
1620	0.018951004068733693
1621	0.01893233739971416
1622	0.018884707031081208
1623	0.018812954371665594
1624	0.018774686062900572
1625	0.018750335761442492
1626	0.0187361496970811
1627	0.018684574399837117
1628	0.018652543797790504
1629	0.01862127126882465
1630	0.018590602859061243
1631	0.018560668684979506
1632	0.0185355530407175
1633	0.018493254282823446
1634	0.018475609706166116
1635	0.018424738795585642
1636	0.018398216763050586
1637	0.018361459017851574
1638	0.018337985083425375
1639	0.018346318770760744
1640	0.01827411608262026
1641	0.01825974280208161
1642	0.01821406997294708
1643	0.01820117732148159
1644	0.018170683033419333
1645	0.01814986584099056
1646	0.018120588983263332
1647	0.018085030995303678
1648	0.018030684805199176
1649	0.018052433511327556
1650	0.017968461182957855
1651	0.017950463879787337
1652	0.01791207325878751
1653	0.01788630783830767
1654	0.017861652128596976
1655	0.017863737498294334
1656	0.01778989636964797
1657	0.01778220317434622
1658	0.017742718343690834
1659	0.01771780397557437
1660	0.01768287085709918
1661	0.01766667859896884
1662	0.01764452961730619
1663	0.01759685642917213
1664	0.017577483410351355
1665	0.017563905518168336
1666	0.01754490726273593
1667	0.01753897021431394
1668	0.017452707680828888
1669	0.01742506101465784
1670	0.01740768254042949
1671	0.017375433312711425
1672	0.017348645192200127
1673	0.017320753403114935
1674	0.01728759913029719
1675	0.017287438946816926
1676	0.017241547066049842
1677	0.017207139684736077
1678	0.017188043384360304
1679	0.0171720061570206
1680	0.017131853726563274
1681	0.01709982085255705
1682	0.017088820639363574
1683	0.017038725466921957
1684	0.0170371049925735
1685	0.01700339690266677
1686	0.016976659389743295
1687	0.016946939801250692
1688	0.016923261956507275
1689	0.01689303486631267
1690	0.01689847299372971
1691	0.016846275718965596
1692	0.016798760840986512
1693	0.01677426407120286
1694	0.01675669270944945
1695	0.016727308429162296
1696	0.016708000348928196
1697	0.016691590021791484
1698	0.016661253643602575
1699	0.01662568428900728
1700	0.016594920382524414
1701	0.01657516997295099
1702	0.01654679241501321
1703	0.016532103521997753
1704	0.016531955465704608
1705	0.016469657375725557
1706	0.016488094765224358
1707	0.016420348037217272
1708	0.01639504720868885
1709	0.01636753744994696
1710	0.016350710002661747
1711	0.016312175508377595
1712	0.016290963389920136
1713	0.016263071554447762
1714	0.01624588647187365
1715	0.016224951160191257
1716	0.01619480246681094
1717	0.016167738108215434
1718	0.01616756684110366
1719	0.016134265001127083
1720	0.016099280565765428
1721	0.016084714524063723
1722	0.016057422515256898
1723	0.016032642933916867
1724	0.016016144885606872
1725	0.01599427202058215
1726	0.01595638550715753
1727	0.015930219992224916
1728	0.01591721556187565
1729	0.015893005242724148
1730	0.015872677962785353
1731	0.015832514108331818
1732	0.015818759165981435
1733	0.015786157736507905
1734	0.015793956476680866
1735	0.015751006493343593
1736	0.015714538836909497
1737	0.0157446707116534
1738	0.015679368150797336
1739	0.01564811188789671
1740	0.01563685202062551
1741	0.015603634083236654
1742	0.01558847064212481
1743	0.015558047654108342
1744	0.015557557518351445
1745	0.015510480057006714
1746	0.015510741437406108
1747	0.015472809699325636
1748	0.015459423860988359
1749	0.015423578336339734
1750	0.015399215841630513
1751	0.015396699370222727
1752	0.01535210156138494
1753	0.015329780749160598
1754	0.015331498289637237
1755	0.015286870676528641
1756	0.0152631623986671
1757	0.015261743260595664
1758	0.015226351023603526
1759	0.015211835685879
1760	0.01518529929908032
1761	0.015167615863065472
1762	0.015173102769776256
1763	0.01514356120000202
1764	0.015090762414583264
1765	0.015077287825910335
1766	0.015074632637331655
1767	0.015031185997684113
1768	0.015021464094419408
1769	0.014996498837417866
1770	0.01497747313896539
1771	0.014948838364892091
1772	0.014933211767176203
1773	0.014909703447895845
1774	0.014883669966269806
1775	0.014860618541500836
1776	0.014836965173641695
1777	0.014830140950803362
1778	0.014801927888082723
1779	0.014789509981977526
1780	0.014757022441167906
1781	0.014735589461373405
1782	0.01472321914668325
1783	0.014696925023595927
1784	0.014670988744095474
1785	0.01466094533738847
1786	0.014637412922055799
1787	0.014621840209696181
1788	0.01459475578712472
1789	0.01457190018975847
1790	0.014551015097336086
1791	0.014525576917959459
1792	0.01451000883446557
1793	0.014498326717163206
1794	0.014480335157599
1795	0.01445265796275615
1796	0.014457367311313422
1797	0.014412250668780689
1798	0.014410886210906079
1799	0.014366070244307496
1800	0.014367826739288549
1801	0.014355882607744026
1802	0.014310900053889129
1803	0.014295375814468565
1804	0.014270154480223448
1805	0.014248930595981708
1806	0.014226821359958765
1807	0.014212271077749685
1808	0.014217953144073885
1809	0.014209542073212744
1810	0.014154855343278323
1811	0.014156426019719389
1812	0.014115262086730819
1813	0.01409489739039644
1814	0.014088860833881736
1815	0.014060007051211907
1816	0.014046803025309577
1817	0.014017560778510796
1818	0.01401038699249197
1819	0.013997424427005876
1820	0.013974672759003479
1821	0.013966199745369882
1822	0.013932056146135168
1823	0.013912539520510778
1824	0.0139011966935222
1825	0.0138716313839508
1826	0.013854638977642782
1827	0.013833959062006804
1828	0.013822218537122384
1829	0.013818946422109653
1830	0.013779413619495853
1831	0.01378012068992753
1832	0.013762062398160618
1833	0.01373329430964517
1834	0.013716909444778574
1835	0.013688066943658045
1836	0.013678438494095828
1837	0.013649299583614884
1838	0.013643305384994246
1839	0.013645980814130893
1840	0.0135986777939798
1841	0.013585557106112412
1842	0.013559933064492652
1843	0.013550445163038563
1844	0.013529943382951543
1845	0.013510619653120209
1846	0.013492351242616584
1847	0.013485959455505368
1848	0.013463245470964665
1849	0.013444953204633944
1850	0.013424635047745017
1851	0.013403972687520338
1852	0.013392662196663714
1853	0.013381878112466272
1854	0.013371304405910205
1855	0.013351923330153358
1856	0.013314127332119988
1857	0.013306341812220169
1858	0.013284222527162675
1859	0.01327518153322629
1860	0.01325414853639148
1861	0.01324257880755858
1862	0.013212296785023055
1863	0.013208093404846726
1864	0.013184349003939236
1865	0.01317078443253453
1866	0.013145085597452755
1867	0.013131641542311279
1868	0.01312312449808714
1869	0.01310002506712933
1870	0.013087796571018037
1871	0.013075378019532947
1872	0.013049975397832595
1873	0.013038540761931911
1874	0.013025896765391804
1875	0.013002566653733966
1876	0.012991590572605727
1877	0.012962927745984754
1878	0.012957075727594879
1879	0.012938436265554664
1880	0.01292936116735248
1881	0.012911853729215895
1882	0.01288843152095408
1883	0.012875232173705875
1884	0.012852826154175727
1885	0.012833319606427437
1886	0.012839744647558975
1887	0.012810512103364466
1888	0.012789682194300017
1889	0.012781951058353822
1890	0.012767299921209578
1891	0.012748697701550493
1892	0.012733436508301579
1893	0.012711837529951565
1894	0.012714748099174413
1895	0.012676503877207066
1896	0.012675824662817456
1897	0.012645520391382515
1898	0.01263444416626126
1899	0.012627163901197351
1900	0.012607457053798544
1901	0.012581884335529224
1902	0.012567937908904207
1903	0.012556463132201885
1904	0.012556652255285057
1905	0.012534010171778454
1906	0.012505081725681958
1907	0.012514338086716044
1908	0.012476372433473007
1909	0.012463940760379785
1910	0.01244558994005257
1911	0.012437856192844442
1912	0.012416929620970638
1913	0.012402302949865749
1914	0.012390276453437852
1915	0.012368878156888958
1916	0.012353600930805385
1917	0.012350329543589134
1918	0.01232420498330185
1919	0.012313676193008515
1920	0.012298027631827671
1921	0.012286422015417534
1922	0.012263820890050924
1923	0.012258034773156876
1924	0.0122389577874892
1925	0.012242511856706304
1926	0.012211090603937758
1927	0.012202862460843395
1928	0.012185241261019773
1929	0.01216287056199281
1930	0.012146999348269221
1931	0.01215930850251263
1932	0.01212186236695672
1933	0.012111407633453482
1934	0.012088450727474321
1935	0.01210771689334361
1936	0.012060109783094866
1937	0.012057562347296304
1938	0.012034923278668643
1939	0.012017245431851146
1940	0.01200723482572693
1941	0.012003835136472699
1942	0.011988890808671526
1943	0.011966291675703098
1944	0.011956454298528218
1945	0.011931570132762836
1946	0.011918313701775202
1947	0.011913055599222386
1948	0.011904680926903298
1949	0.011897894688472981
1950	0.01186847637500299
1951	0.01186797638531413
1952	0.01183566088439642
1953	0.011831350937133982
1954	0.011813851063596182
1955	0.011794306128453023
1956	0.01179292770659415
1957	0.011775039789158257
1958	0.01176075844981809
1959	0.011745356931216398
1960	0.011723279828291817
1961	0.01173024464430157
1962	0.011716580265887698
1963	0.011686286800900707
1964	0.011685267140842037
1965	0.011664998521877702
1966	0.011648576354158308
1967	0.011641031322922785
1968	0.01162285881306883
1969	0.01160465640121543
1970	0.011597371285465844
1971	0.011580991228405734
1972	0.011562312525401507
1973	0.011558801542704264
1974	0.011542072163873797
1975	0.011525867646886455
1976	0.01151640794841097
1977	0.011501963806460356
1978	0.011491937470655966
1979	0.01147364397038246
1980	0.011465260319254
1981	0.011446862801209108
1982	0.011431507267330937
1983	0.011435828080412977
1984	0.011410321983058545
1985	0.01140347571732217
1986	0.011379372071533023
1987	0.011375031853843733
1988	0.011368819320252006
1989	0.011346068573265134
1990	0.011330656481042593
1991	0.011318231626041625
1992	0.011304680224685938
1993	0.011298250624507632
1994	0.011279005524399787
1995	0.011267475292876791
1996	0.011259254693898147
1997	0.011246018536469858
1998	0.011231602866536928
1999	0.011241027661970856
2000	0.01120969398282444
2001	0.011196038887518973
2002	0.011176266715410655
2003	0.01117429459085359
2004	0.011155935608945967
2005	0.011151356374362122
2006	0.01112810574476545
2007	0.01112491685675996
2008	0.01111414449493461
2009	0.011095790053859517
2010	0.011079006387222257
2011	0.011070673224775899
2012	0.011058332688992185
2013	0.01105020548313357
2014	0.011033788767359554
2015	0.011023438199924324
2016	0.011015333344929368
2017	0.010994717411383772
2018	0.01098180725584963
2019	0.010970342892595193
2020	0.010958378643500088
2021	0.010953025888594523
2022	0.010936278711295402
2023	0.010930076246073357
2024	0.010919492061851865
2025	0.010901994984566302
2026	0.010902403634710942
2027	0.010895472465284956
2028	0.010864346135502337
2029	0.01085081040171471
2030	0.010852308855319875
2031	0.010828724075275954
2032	0.010814159906082713
2033	0.010805937257957364
2034	0.010802053590542766
2035	0.010790811339440622
2036	0.01076771132611028
2037	0.01076178523196362
2038	0.010748334645855518
2039	0.01073765995471167
2040	0.010728444668583657
2041	0.010718876095896876
2042	0.01071019545473903
2043	0.010691579440366576
2044	0.010685062212738707
2045	0.010668560376288412
2046	0.010653937195688303
2047	0.010642022835035153
2048	0.010641832825912533
2049	0.010623221553252224
2050	0.010605561131358635
2051	0.01059611997945331
2052	0.010609303834349009
2053	0.010576814660730826
2054	0.010567980272938569
2055	0.010567675689147613
2056	0.010550208251528866
2057	0.010544420134917194
2058	0.010517585249156036
2059	0.010510798097098314
2060	0.010500383989327903
2061	0.010489799641758111
2062	0.010478505925746496
2063	0.010479770664780574
2064	0.01045309868861615
2065	0.010448516277320163
2066	0.010438733224334817
2067	0.010417096761617492
2068	0.01040985553678183
2069	0.01039693892594221
2070	0.010392889154368319
2071	0.01037551639707496
2072	0.010369576336510181
2073	0.010351801888566957
2074	0.010368308200589205
2075	0.010345135787671322
2076	0.010320489722291383
2077	0.0103084740369674
2078	0.010300214850446156
2079	0.010294166550763704
2080	0.01028342585911055
2081	0.010271753631293042
2082	0.01026068924989274
2083	0.010247153364295663
2084	0.010240767056366246
2085	0.010235351922026768
2086	0.010215846300914223
2087	0.01020388867299325
2088	0.010199424798096726
2089	0.010192314604783356
2090	0.010178426518461165
2091	0.010161484167706321
2092	0.010156580920765124
2093	0.010140968342087647
2094	0.010134474074756324
2095	0.010125606103584452
2096	0.010114797139501036
2097	0.010098946874012343
2098	0.010094005106177088
2099	0.010079531008358148
2100	0.010070548710822986
2101	0.010060416256858502
2102	0.01006287141469805
2103	0.010042939253094019
2104	0.010034597603728821
2105	0.010024523815584014
2106	0.010024398431366675
2107	0.009998840978259572
2108	0.009991349801666808
2109	0.009978735137742906
2110	0.00996980321911081
2111	0.009963392787632171
2112	0.009945907580344058
2113	0.009939118221128466
2114	0.009937947826122208
2115	0.009924198577856546
2116	0.00990729828402452
2117	0.009897100092735955
2118	0.00989104308900027
2119	0.00988242810709183
2120	0.009870642589663931
2121	0.009859206115715707
2122	0.009852658112827983
2123	0.009842456323264933
2124	0.009826206549968826
2125	0.009823717989212787
2126	0.009808493641218581
2127	0.009796913718663064
2128	0.009801624596183512
2129	0.009776274735460742
2130	0.009781757421734281
2131	0.009776731538472132
2132	0.009750850180337209
2133	0.009737011660706623
2134	0.009736510088698894
2135	0.009721868870667194
2136	0.009711135334249563
2137	0.009716844017805534
2138	0.009697244093631489
2139	0.009684224841071638
2140	0.009672445208036532
2141	0.00966593480253436
2142	0.009661366050503911
2143	0.00964484960623141
2144	0.009637822490478128
2145	0.009635017986366044
2146	0.009623076720135902
2147	0.00961112816185529
2148	0.009602441698502363
2149	0.009590599119888427
2150	0.009582585049069768
2151	0.009572366273883064
2152	0.009562946541257396
2153	0.009555676640383528
2154	0.00954484074578674
2155	0.009537737409377288
2156	0.009524962897950556
2157	0.00951840182045646
2158	0.009511631668480519
2159	0.009494118522466871
2160	0.009482751549531768
2161	0.009474827419932023
2162	0.00946546041128522
2163	0.009455677381067834
2164	0.009452211954935577
2165	0.009444300407150078
2166	0.009432135743414501
2167	0.009421076485667992
2168	0.009428523313528376
2169	0.009404307349789169
2170	0.009392608459914503
2171	0.009385976355941794
2172	0.00938725596133476
2173	0.009370013825159569
2174	0.009360963066784444
2175	0.009355104329305768
2176	0.009337879614195887
2177	0.009329307797603702
2178	0.009322429548020513
2179	0.009319957479199038
2180	0.009305940098473377
2181	0.00929987236030199
2182	0.00928548740301231
2183	0.00927642333814245
2184	0.009268284120505243
2185	0.009262527105283134
2186	0.009259106771196209
2187	0.009244815367963774
2188	0.009234712828438562
2189	0.009226698828209923
2190	0.009216484643917484
2191	0.00920819895238413
2192	0.009199362735077085
2193	0.00919935682056586
2194	0.00918521120558584
2195	0.009170802261986277
2196	0.009163755415026517
2197	0.009158278990483935
2198	0.009151867657690832
2199	0.009139425541785685
2200	0.009129808945051103
2201	0.009123002017735485
2202	0.009126219168768324
2203	0.009110016492589558
2204	0.009097193803745032
2205	0.009089160441697271
2206	0.009077749293573967
2207	0.009069192055946494
2208	0.00906141310587973
2209	0.009052159692734438
2210	0.009047725268541348
2211	0.00903482228191461
2212	0.009028700327178953
2213	0.009032259618749268
2214	0.009014251899044267
2215	0.009000966059997626
2216	0.009000924185920191
2217	0.00900167313409304
2218	0.008980006327573915
2219	0.008969597218918388
2220	0.008971931099947997
2221	0.008959749620033822
2222	0.008946530453472793
2223	0.008936604441043827
2224	0.008933284123902851
2225	0.00891958423925425
2226	0.008912122271374064
2227	0.008903752456797004
2228	0.00890006172082253
2229	0.008885186544153354
2230	0.008879185739133886
2231	0.00887381940673739
2232	0.008864072334891573
2233	0.008853136878995208
2234	0.008847701201166493
2235	0.008840370505567886
2236	0.00883229680641022
2237	0.008824960879518064
2238	0.008814413230880905
2239	0.008816236203729368
2240	0.008798451705420159
2241	0.008789562820500727
2242	0.00878159120862836
2243	0.008772434540659957
2244	0.008771602883085828
2245	0.008759473200044596
2246	0.008750610111704398
2247	0.008752813577305346
2248	0.0087380290035707
2249	0.008730857273187549
2250	0.008724275485168636
2251	0.008712782570337658
2252	0.008710657600350944
2253	0.00869633166549683
2254	0.008687255429910962
2255	0.00868255239302107
2256	0.008672455743652753
2257	0.008665090496983115
2258	0.008657298998457182
2259	0.008649773263561296
2260	0.008641758314816918
2261	0.008632801217160407
2262	0.008623449844865788
2263	0.008620198995940121
2264	0.0086109559684364
2265	0.008604982725205768
2266	0.008594885088922739
2267	0.008586639538590294
2268	0.008579257906639657
2269	0.00858307228873284
2270	0.008568404979493648
2271	0.008564434163266412
2272	0.008550423523907355
2273	0.008539709785067939
2274	0.008536889386469184
2275	0.008528210931019922
2276	0.008517776097000778
2277	0.008516566431985175
2278	0.008502951906809487
2279	0.008498077042661768
2280	0.008491919535262722
2281	0.008482639734293272
2282	0.008476682937717785
2283	0.008468345658852235
2284	0.008456545859958572
2285	0.008458250022812419
2286	0.008443567752614444
2287	0.008434852615726874
2288	0.008426768111323476
2289	0.008422848034095766
2290	0.008423832731537725
2291	0.008412121024009036
2292	0.008399091288763356
2293	0.008393685873639556
2294	0.008385482338805553
2295	0.00837857465346429
2296	0.008369984720547521
2297	0.008371826352520335
2298	0.008355282259581093
2299	0.008347353088567855
2300	0.008348149275156397
2301	0.008339028806587993
2302	0.00832672863269166
2303	0.008317911010440403
2304	0.00831477568583699
2305	0.008304947840943057
2306	0.008302229363506369
2307	0.008293413749827217
2308	0.008282792664480489
2309	0.008278979368703272
2310	0.008269464665216006
2311	0.008265195566386378
2312	0.008255225000654577
2313	0.008246065569043145
2314	0.008241309122239067
2315	0.008232535445904257
2316	0.008230741087718242
2317	0.008228676449425102
2318	0.008220030588290851
2319	0.00820833639914831
2320	0.008201625532618072
2321	0.008195350259679947
2322	0.008184289477035853
2323	0.008177285712789405
2324	0.00816952320426006
2325	0.008162908188555822
2326	0.008155703684558778
2327	0.008154758817691938
2328	0.008144291850743363
2329	0.008135555162685968
2330	0.008128330606415329
2331	0.008122931234896262
2332	0.00812177488906199
2333	0.008109983472541276
2334	0.008099318628879611
2335	0.008094951829096276
2336	0.00808556953894415
2337	0.008081234595094567
2338	0.008072151841939667
2339	0.008074470010448065
2340	0.008060897393308387
2341	0.008060723339759776
2342	0.008048704175130188
2343	0.008039883114631764
2344	0.008035258635163875
2345	0.008024359050398444
2346	0.008017501816639518
2347	0.008015251078219569
2348	0.008013653617174293
2349	0.007999125790792847
2350	0.007991262062694633
2351	0.007983983508868343
2352	0.007984799046289816
2353	0.007972814445053574
2354	0.007968174755104123
2355	0.00796091049909489
2356	0.007952334292851762
2357	0.007947975013438666
2358	0.00793972748228405
2359	0.007932827445265874
2360	0.00792520196114566
2361	0.007917813233495559
2362	0.007914900571612432
2363	0.007910216701111339
2364	0.00790141320851955
2365	0.007897643849026038
2366	0.007890424582282916
2367	0.00788347228504339
2368	0.0078720528598456
2369	0.00787052415173384
2370	0.007867396071202945
2371	0.007856439601449607
2372	0.007848039699237475
2373	0.007841125545321594
2374	0.007835418220574394
2375	0.007827519588792091
2376	0.007826731917060346
2377	0.00781894955863001
2378	0.0078083532058536706
2379	0.0078044326214321245
2380	0.007794953567034709
2381	0.007792770979782148
2382	0.007782944614473131
2383	0.0077789648378402305
2384	0.007769488859679273
2385	0.007772565818160633
2386	0.00775977921316768
2387	0.007755864807077795
2388	0.007753107066957849
2389	0.007743299931196596
2390	0.007734334973729048
2391	0.007727481335295879
2392	0.0077252290180711515
2393	0.007712292468791462
2394	0.00770883792039396
2395	0.0077012704059003815
2396	0.007698351344895572
2397	0.007689647051891077
2398	0.007685091053272124
2399	0.0076789361233530916
2400	0.007671875139818298
2401	0.007667865485789115
2402	0.007658761050585454
2403	0.007655361262026775
2404	0.007645708377257978
2405	0.007647684871105234
2406	0.007634397176031825
2407	0.007627211623882168
2408	0.007631508901023307
2409	0.007618653537978319
2410	0.00760695847319578
2411	0.007601645176952295
2412	0.007602908272324225
2413	0.0075894901979072305
2414	0.007587993992078998
2415	0.007579266483670714
2416	0.007573684033551135
2417	0.007567255982206733
2418	0.007563225505536215
2419	0.0075552994132544096
2420	0.007551499379329131
2421	0.007542632557599132
2422	0.007540705958470999
2423	0.007529238414290135
2424	0.007522956948529679
2425	0.007522774508398072
2426	0.007513071759405069
2427	0.007511041495632227
2428	0.007499285436321793
2429	0.007493094422082379
2430	0.007490532839359757
2431	0.007489275754054571
2432	0.007480222851729204
2433	0.007472349255545871
2434	0.0074704909152207835
2435	0.007458335229966994
2436	0.007458406699453577
2437	0.007445508675904722
2438	0.00744271810333266
2439	0.007436576458010856
2440	0.007434820866950404
2441	0.007428877309585032
2442	0.007420788463683334
2443	0.007410341601178547
2444	0.007412655133402439
2445	0.0073999393992657155
2446	0.007395096302763204
2447	0.007386717660541431
2448	0.007385253259262612
2449	0.007383428109129233
2450	0.007371803098469866
2451	0.007365475158348799
2452	0.007365141387321838
2453	0.007354259102912053
2454	0.007350748638098717
2455	0.0073456172611207435
2456	0.007336328462092682
2457	0.007333387926937473
2458	0.00732526307592425
2459	0.007321243429862862
2460	0.00732084738976722
2461	0.00731106920660142
2462	0.007303702518872736
2463	0.007295442659955578
2464	0.007291203457088405
2465	0.007286800192989607
2466	0.007281690910507262
2467	0.007281136700581542
2468	0.007268918367366485
2469	0.007262394943057022
2470	0.00725674598729138
2471	0.007259237448373854
2472	0.007246395558363304
2473	0.00724191852976811
2474	0.0072342967851822685
2475	0.007229226606063823
2476	0.007226489009041433
2477	0.007225845216223201
2478	0.007213740834916564
2479	0.007207841607403247
2480	0.007201362359288332
2481	0.0071979663656765065
2482	0.00719702624944135
2483	0.007185473028923533
2484	0.007187071805745593
2485	0.007177596015122695
2486	0.007172988742895355
2487	0.007168980606163224
2488	0.007156853787558922
2489	0.0071550129511020605
2490	0.007150748373380769
2491	0.007152560995770798
2492	0.007140438090854829
2493	0.007139292875643912
2494	0.0071254923906971515
2495	0.007119100776242678
2496	0.007115874369192327
2497	0.007117915958431297
2498	0.0071107022263834
2499	0.007102508116643714
