0.1908733 1.2414228 -7.745488800000001 0.6427439 +0.2613667 -15.0351175 
-0.0100956 0.8292945 -4.6949381 8.3031778 +0.5325484 -3.4445640 
0.9138618000000001 0.4405975 -6.1995572 0.3511689 -0.9524874 -7.4080584 
-0.3788381 1.0578758 -4.8437257 4.8522197 +0.6034489 -11.4175651 
1.0377541 0.015608999999999998 -6.0024025 -6.992853900000001 -0.6931664 -4.4521052 
-0.3796593 1.0259768 -4.1207539 -1.2186494 +1.0140445 -8.6633738 
0.22863280000000002 0.9942864 -8.1891573 0.4512444 +0.1826887 -13.0540043 
0.8189764 0.2598046 -5.2615815 -13.5597684 +0.0020389 -7.8840701 
0.8147206 0.4805677 -3.7347547 -3.8677455 -0.5369667 -6.2181837 
0.3209307 1.2620483 -6.8406995 -1.1300521 +0.5779721 -14.1245490 
0.1740164 0.9551711 -7.5632163 4.8803983 +0.1010612 -14.8364200 
0.06094940000000001 -0.1833141 -0.5229663 -1.6952004 -0.3940142 -2.5567281 
-0.0796189 0.9958499 -5.2665788 0.9804687 +0.5909567 -2.5837000 
-0.4082456 1.196202 -6.2738891 8.6630699 +1.0707932 -10.3469321 
0.1261754 0.2177015 -3.0535982 -1.7456308 +0.0405025 -1.9478248 
0.7524495 0.2645727 -5.577195 -6.0209442 -0.9828023 -6.6650197 
0.2669184 0.9623565 -6.5374188 2.6436396 +0.0173629 -13.7471031 
-0.5577519 0.9230676 -4.1440811 -4.2342819 +0.2666216 -12.0087224 
0.5778044 -0.1652559 -3.5402763 -11.8206118 -0.9136673 -13.8514403 
0.6747777 0.0057032 -5.3856034 -4.4467466 -0.2839202 -13.6745583 
1.1161644 -0.1176747 -6.4804741 -5.1004549 -0.4573867 -5.8073664 
0.5000359 -0.0921312 -3.9119088 -3.9482741 -0.0208704 -11.8500102 
0.5364058 0.0852842 -2.9594593 -7.2125202999999996 -1.0097971 -13.3039850 
0.2858383 0.2620872 -3.0241289 3.5442104999999997 -0.2156601 -4.5752703 
0.43468469999999987 -0.1580023 -5.2020341 -5.1719118 -0.3575838 -12.7218508 
0.3102106 0.1523617 -2.0543165 -2.6824277 +0.9612304 -2.5309269 
0.0674991 1.0449921 -3.634418 10.1644506 +0.7412519 -1.8490493 
-0.3757736 1.0807682 -4.3882278 7.2185607 +0.9032934 -10.5141389 
0.3081289 0.0152138 -1.9593364 4.9110107 -0.0937669 -3.8263958 
0.3673569 0.0900413 -1.8784399 1.7442261 -0.1019613 -1.0097246 
0.6669903 -0.045103 -5.088745 -7.194635999999999 -0.0531775 -5.3759016 
0.1793023 -0.1582296 -2.153561 1.8132650999999997 +0.2847229 -2.1230912 
0.0976059 0.0285411 -1.1517693 0.4529765 -0.3607029 -3.9314732 
0.2823828 1.0858503 -9.0886726 3.9762721000000005 -0.3045490 -11.5214117 
0.070047 1.1079174 -3.8181912 3.5256512000000004 +1.0163481 -2.4849775 
-0.214639 0.6963402 -4.0878991 5.3269916 +1.1947797 -10.4751402 
-0.505134 0.9269569 -4.0066688 6.173933000000001 +0.4681885 -10.6766149 
0.4376962999999999 0.9285264 -7.2706678 2.7680362 +0.4748657 -13.7037894 
-0.1347677 1.2535823 -5.038253 7.5226725 +1.1771065 -2.5251504 
-0.3172321 0.9816758999999999 -5.9939566 6.0397635 +0.7245875 -10.0967755 
0.2559375 0.142506 -0.6187869 4.1091916 -0.1674692 -2.5864995 
0.9804142999999998 0.0358541 -5.5855135 -8.7477091 -0.0253616 -4.1777154 
0.2887852 0.1376319 -1.881016 -0.2356203 +0.2226729 -1.8476761 
0.0014962 1.340991 -6.1026732 -2.4509282 +0.6516719 -4.7672683 
0.1587908 -0.0455959 -1.9845478 0.7829231 -0.0916437 -2.2766549 
0.2088247 -0.0390279 -1.1586581 -0.2779734 +0.0671532 -1.5744811 
0.2149527 0.9166678 -7.1012713 -2.7932448 +0.3848345 -14.6438123 
0.0592018 0.4379992 -2.4527716 -10.2143889 +0.0548324 -4.7916091 
0.9650772 -0.100751 -4.8334089 -4.5751967 -0.0362532 -5.5908507 
0.4119142 0.7858611 -8.5489713 0.5581367 +0.2460174 -13.5485732 
0.9779842 0.2215704 -5.0851751 -3.1684073 -0.3828110 -5.1728837 
0.2149887 0.3243299 -1.1529731 4.6266106 -0.2457290 -3.0902788 
0.8952823999999999 0.24093040000000002 -5.798711 -6.798205199999999 +0.8312305 -7.1997865 
-0.11258879999999998 0.9337746 -4.8423908 11.6954169 +0.7901948 -2.4686987 
0.6415979 -0.1577673 -4.6255249 -4.4641576 -0.2953833 -12.6010811 
-0.1063182 1.0480634 -5.3563127 8.4846471 +0.6267113 -1.7859510 
-0.4007953 0.7991551 -5.5966324 3.9617835999999995 +0.6087707 -11.3689240 
0.0678016 1.0487402 -5.5190183 6.2858376 +0.5027148 -0.9587177 
-0.5147497 0.9613595000000001 -6.1645126 4.3405447 +0.9610477 -10.0576371 
-0.4415604000000001 0.7700641 -5.0887192 8.4456894 +0.9418603 -12.3760619 
0.4985591 0.0625928 -5.6490788 -11.2411918 +0.3169974 -13.6912935 
-0.5423054 1.0025436 -4.101083 4.9029973 +0.5084088 -9.8479951 
-0.6177697 1.1279253 -4.4200156 5.156362 +0.4376317 -11.1391919 
0.9929876999999998 0.0476197 -5.5764567 -4.5058644 -0.1909274 -6.6521271 
0.7527146 0.3370677 -5.0449907 -0.2326657 +0.4319287 -5.4710018 
0.210614 1.0407913 -8.2118092 -0.810386 +0.1356808 -13.4343745 
0.1316695 0.0436031 -3.0112116 5.3259459 +0.2998324 -1.1553084 
-0.1312234 0.9887309 -5.2988133 8.7823988 +0.0126319 -4.1662699 
0.5052859 -0.0788911 -4.605902 -1.8793782 +0.1957801 -12.9611967 
-0.2534215 0.6769632 -4.6144416 10.6897216 +1.1200487 -9.7672127 
0.0906377 0.5431987 -1.9287160000000003 3.3248574 -0.0144574 -2.1621510 
-0.592025 0.6668514 -5.1324721 3.4122393999999994 +0.4535871 -9.3272496 
-0.1700439 1.3763263 -5.5556338 10.0069823 +0.9629016 -1.1269416 
-0.3488607 1.1919186 -4.0525777 11.1084762 +0.7376690 -11.1107816 
0.293168 0.2918144 -2.1912977 -0.7585755999999999 +0.5370937 -3.3553435 
0.10992529999999999 1.0634949 -6.2488381 11.967857 +0.3269874 -2.5788031 
0.3469577 0.8105179 -7.6164795 4.1698257 +0.2038663 -13.9294118 
0.5408761 -0.0940679 -5.0942436 -6.1810299 +0.1766445 -14.1477998 
0.298015 0.7423801 -7.987805900000001 -2.9899028999999997 -0.0311758 -15.4395180 
0.3023617 1.1234999 -8.264709 2.1419837 +0.4063722 -12.3319906 
0.7448329 0.2016703 -4.1408704 -7.6529146 -0.1690539 -6.9981651 
0.2680957 0.8146391 -7.9765083 5.3010493 -0.2318927 -13.0066691 
0.23601350000000001 0.099236 -1.8524845 -1.7302524999999997 -0.7973744 -2.1562023 
0.9460980000000001 -0.0759807 -4.2822215 -2.9614841 -0.7551139 -6.8335381 
0.24372580000000002 0.2329638 -2.9667728 -2.2779252 +0.1139516 -0.4885988 
-0.525106 0.8406866 -4.9629011 4.1638786 +0.7103214 -10.1277590 
0.1692105 0.9991665 -9.0666837 8.9257298 +0.6079528 -14.5266570 
0.3438302 0.227046 -2.3132301 1.8156087 +0.3598055 -2.8967031 
0.2760111 0.6372462 -9.1621958 0.9637463000000001 +0.1998589 -14.1321849 
0.3463583 -0.10426 -4.0233443 -8.6322622 -0.3641662 -14.5631810 
-0.49031649999999993 1.0655615 -3.0150858 1.8548968999999997 +0.4038778 -9.6979261 
-0.5220504 0.7006871 -3.4256504 2.1804405 +0.9935321 -10.3805491 
0.6493609 0.0314278 -5.2404761 -1.8607565 +0.0223608 -13.7276983 
0.2273323 0.2019486 -1.8182805 -4.1219802 +0.8119451 -3.0137582 
0.3028825 0.7773777 -6.6521667 1.6578227 +0.0680564 -12.6339630 
-0.06149000000000001 1.1102813 -5.8751849 4.1630631 +0.4833521 -2.2293479 
0.05873930000000001 0.0842717 -2.6185364 4.1385783 +0.1565765 -2.7090278 
-0.0404609 0.9803132999999999 -5.7223169 5.686381 +0.5833524 -2.5402989 
-0.1843732 1.0600427 -4.9196239 0.3192512 +0.8025343 -1.9686159 
-0.3301363 0.6461568 -6.195917 5.3302953 +0.8691199 -11.0908367 
0.0437522 1.2301538 -5.0838552 3.8821491 +0.5803284 -3.6623334 
0.0731038 0.3129635 -2.3554704 3.3529572 +0.1357273 -4.3698247 
-0.6586103 0.9943466 -4.5290261 9.370624 +0.8908886 -9.9888613 
-0.4324645000000001 1.2228637 -3.881795 -0.1101338 -0.2451826 -11.1118429 
0.2746552 0.1552241 -2.0254627 2.2720606 +0.2719849 -3.0922525 
0.2501867 0.3644013 -0.5816079 1.4967190999999997 -0.1289846 -3.5149306 
-0.411062 1.0392929 -5.3064318 0.43341760000000007 +0.5547521 -9.2554448 
-0.0493822 0.0915039 -0.2905583 -9.6413206 -0.0886693 -3.1592999 
0.48156580000000004 0.7809481 -7.3948548 0.3461462 +0.3750374 -13.7861297 
-0.3338026 1.1177089 -5.7678226 2.3595764 +0.3684475 -9.4734692 
-0.0186687 0.2149592 -2.739027 -8.3070155 +0.3958482 -0.5256648 
0.8102479 0.2566197 -5.2206256 -6.231365300000001 -0.7538849 -7.2290162 
1.0141465 0.2042177 -3.5823618 -7.133740100000001 -0.3590343 -5.4244425 
0.24345819999999996 0.3550598 -2.0540975 3.0543184 +0.0413076 -4.0137128 
0.24737050000000002 0.0311361 -4.4239033 1.5563436 -0.3213083 -13.2708203 
0.024032 1.0528298 -5.287102 7.6193673 +0.4548382 -0.0089036 
0.8056204 0.3658815 -5.6011912 -0.9706249 +0.0336266 -3.9311880 
0.0663767 -0.0080886 -1.9887984999999997 0.022497 -0.2550445 -0.9594455 
0.7276167 0.1021415 -5.0896026 -3.972924 -0.2430349 -8.0129135 
0.3489747 -0.2140159 -2.4507265 3.1054192 +0.1794649 -12.9605433 
0.1897964 -0.1318632 -1.2095785 -1.8305845 -0.2500445 -1.9562715 
0.2694208 0.6468607 -8.2036535 0.0468396 +0.1438300 -12.5493486 
0.801696 0.2223371 -4.5123307 -2.3375303 -0.1140376 -6.1071668 
0.8858311000000001 0.3325037 -5.0461576 -4.7507296 +0.1559802 -5.7479245 
-0.1333915 1.2723856 -4.5397692 6.7031412999999995 +0.1341236 -1.8891340 
0.7738796 0.1874434 -4.4856128 -4.1618393 +0.4324898 -5.6769535 
0.46542140000000004 -0.0172227 -5.0461211 5.0395206 -0.2286907 -13.8977688 
-0.4667279999999999 0.6433164 -4.2718379 6.295308 +0.6239190 -10.3368182 
0.8531775 -0.0481137 -4.5139436 -2.9502193 -0.1867477 -6.6593078 
0.3933903 0.8832547 -8.2022947 4.850208 +0.4003782 -14.7662581 
-0.48466050000000005 1.196803 -4.47988 11.9263904 +0.0814981 -10.3662272 
0.21822349999999993 0.7125319 -8.7075106 -2.4774638 +0.2777285 -14.3370182 
0.0658768 0.8928088 -7.6783121 3.9107284 +0.5206913 -15.4091404 
0.053224 1.1907815 -4.3000826 8.6206098 +0.9852032 -4.2551488 
0.6546294 -0.2383663 -4.739926 -9.0831896 -0.1825282 -13.4283329 
0.5020604 -0.2647248 -6.0374786 -0.3570976 -0.5326281 -12.5934957 
-0.0522078 0.9798534 -4.506949 0.7977984 +0.4745307 -2.3969460 
-0.45846759999999986 0.8840077 -4.9291307 6.736886200000001 +0.2426185 -10.7407913 
-0.499275 0.9972012999999998 -5.0482714 8.705456 +0.5860497 -9.7978675 
-0.1905095 0.9154798 -6.0974671 4.4048329 +0.6296805 -4.6916618 
0.22785969999999994 1.1372832 -8.1241921 -6.2519273 +0.2530809 -12.9374069 
-0.3075239 0.9442955 -5.095442 1.2267282 +1.1042451 -9.6953503 
0.2845026 0.9997579999999999 -8.7013076 3.5010978 +0.0175158 -13.7986150 
0.0197989 1.0250551 -5.8381494 -8.1247636 +1.0765408 -2.7250101 
0.2003005 1.0815317 -8.7433555 1.9747706999999999 +0.0735179 -13.2607371 
0.24692090000000003 0.0758683 -2.1118034 -7.920478299999999 -0.5538952 -2.5021008 
0.102813 0.2690509 -2.0124991 2.8608904 -0.0785506 -0.8993311 
0.2094459 -0.0464216 -1.6294926 -2.7008732 -0.2423072 -2.2732060 
-0.1368757 1.0771138 -3.9652553000000004 3.8117727000000006 +1.2684743 -2.4065505 
0.1011079 0.0454874 -2.125011 -1.2101203 -0.4186994 -3.5403407 
0.2638315 1.028459 -7.693169799999999 -1.2112949 -0.0482534 -12.6072672 
0.6341517 -0.085687 -4.8168624 -1.7613893 -0.0217211 -13.4504760 
-0.4785703 0.9360021 -4.3310721 4.0244125 +0.9085655 -11.1366627 
0.774159 0.0439807 -3.5366249 5.0951144 -0.2297871 -5.8636860 
0.2766253 0.1534024 -1.9871444 -2.7625643 -0.2803103 -2.4206256 
0.6078524 0.1640752 -4.9047474 -13.606335300000001 +0.0752424 -12.6199946 
0.1036547 0.1074827 -1.105085 -2.0124794 -0.2441605 -2.3993103 
-0.5706993 1.0164627 -6.3536274 6.158626000000001 +0.2796465 -9.7943910 
0.9405604999999998 0.0351634 -4.487461 -4.3891765 +0.1934192 -2.1233429 
0.3788483 0.0348943 -0.7399873 -6.3272639999999996 -0.5693918 -2.5844422 
-0.0747724 1.2211526 -6.2024323 9.1966282 +0.5326620 -2.6261260 
0.05629039999999999 0.3464145 -2.3343224 -1.0727069 -0.1236575 -2.2966747 
0.6909938 0.1176342 -3.9243052999999994 -5.2005629 -0.4238563 -6.4031388 
0.11491569999999997 0.3204831 -2.895352 -4.5556893 -0.2028234 -1.6731350 
0.4007329 -0.0832087 -0.8834602 7.3233394 +0.3574177 -1.4204657 
-0.22155119999999998 0.9301996 -4.649398 4.7143947 +0.2769586 -2.8396891 
1.0272331 0.3355782 -5.1825096 -6.309324 +0.4079672 -6.1409675 
-0.1953236 1.2943047 -4.3655151 8.0953958 +0.7391325 -2.6754960 
-0.1500764 1.2243249 -4.7675687 6.7348904 +0.5198571 -2.1325944 
-0.029149699999999997 1.1255293 -5.6360195 6.0574429 +0.7756282 +0.7175658 
-0.126349 1.1033559 -5.4228951 3.7553544 +0.7456593 -3.9278250 
1.0629562 0.1994108 -4.6385736 -4.0328647 -0.2427852 -6.2940344 
-0.305229 1.0144764 -5.5824059 -3.4844944 +0.3458474 -9.3408500 
0.036675 0.9619207999999999 -8.9597219 5.1670005 +0.3058252 -15.6174002 
-0.2984618 0.9286968 -4.6543199 0.5741475 +0.6996025 -12.8580681 
0.7803626 0.2966139 -5.2655598 -13.6169323 +0.1236488 -5.6141326 
-0.3263432 0.95885 -4.7582622 12.8858488 +0.8052870 -12.0893392 
-0.3571394 0.7738398 -4.5866056 16.1299449 +0.7241090 -10.9790634 
0.9542580000000002 0.3010846 -6.360448 -0.2959436 -0.3975117 -5.6225649 
0.5487461 -0.0338077 -4.1058739 -7.1919605 -0.3481363 -13.6793024 
-0.4638986 0.801199 -4.063442 0.6475536 +0.7159343 -10.7919407 
0.4386429 0.1393756 -3.9107945999999996 -8.0869711 -0.4056909 -12.3318274 
0.9922722 0.3841091 -5.2058519 -6.8046055 +0.3759849 -6.1975812 
-0.5189388 0.9881893 -5.1457996 -1.8568401000000003 +0.0634143 -12.6961216 
0.0797728 0.9536902 -8.8289139 2.5090419 +1.3968935 -14.3248815 
0.8234066 0.3238173 -5.6860109 -10.3353245 -1.2657164 -5.1446457 
0.8668121000000001 0.0598402 -5.1784978 -8.8584681 +0.1988084 -6.5653293 
-0.4124308 0.9535809 -4.1548723 5.6756555 +0.0244594 -11.8169350 
-0.11327010000000001 0.8824341 -5.2606915 6.9408193 +0.5425375 -1.7423794 
0.5330918 0.1120668 -3.4268708 5.7018679 +0.1844878 -13.0186031 
0.5093955 0.028712 -7.4400395 -4.4488284 -0.8593153 -14.5371579 
0.331337 -0.2831912 -4.1258271 -13.0750546 -0.6255686 -14.3370040 
0.4185454 0.1712988 -5.9406302 -1.0715252 -0.3322767 -13.4069902 
0.5250078 0.0050611 -4.6025217 -1.188017 -0.6130370 -12.1755551 
-0.46565920000000005 0.6753359 -4.9011394 8.8335397 -0.1922951 -10.8424309 
0.3170414 0.1785942 -2.0427965 -8.226408 -0.0018045 -3.3570676 
-0.3747818 0.9499427 -4.8913234 9.5306682 +0.2399850 -10.3478516 
0.1409245 0.9747148 -4.6628737 11.0624242 +0.4691825 -1.6439664 
0.5539415 -0.1661273 -5.2567417 -1.5262561 -0.0276609 -14.5093251 
0.9717570000000001 0.0766456 -4.8626188 -7.8516633 -0.1647245 -6.0927432 
-0.2885167 0.8394212 -3.7568236 -1.3963952 +0.3957997 -10.3044445 
0.2902106 1.292053 -7.2960386 -3.3847154000000006 +0.0054473 -13.1799079 
1.1495715 0.1054142 -5.0804343 -5.3168406 +0.4843192 -5.8214621 
0.1774958 0.2664007 -1.7050975 -6.926883 -0.0361409 -2.3204094 
-0.1449618 1.2828401 -5.0578869 2.9740095000000006 +1.1103806 -2.0245909 
-0.3968796 0.9296489 -4.9024304 6.8668673 +0.4615098 -8.4239702 
0.3010431 0.9495565 -7.1191344 2.6231054 +0.3289238 -13.4991268 
0.11707640000000001 0.6921846 -8.3813186 1.6795598000000003 +1.0153040 -14.0520096 
-0.1556631 1.2602326 -4.3741166 5.2694751 +0.7947709 -4.0861540 
0.48944090000000007 -0.0757953 -5.7633967 -7.4273956 -0.1633897 -10.8638833 
0.05886890000000001 0.1429702 -3.1016169 -6.5337682 +0.1847388 -1.7368541 
0.2985238 0.7215405 -8.0366938 2.0984825 +0.6213623 -14.4178755 
0.3411981 0.1745249 -4.3676244 -0.7230463 +0.2558768 -13.2591301 
0.46984010000000004 -0.0617936 -5.1107594 -6.9118567 +0.0359431 -14.2754512 
-0.1998886 0.83726 -4.5669818 9.6846814 -0.0492665 -2.4718996 
-0.0678075 1.0848322 -4.1065298 7.063529899999999 +0.2539988 -2.3502935 
0.4800188999999999 0.1433018 -4.5569483 -7.5586226 -0.5417871 -13.9132317 
0.3933306 -0.1983006 -4.2112602 -13.1624845 -0.6162746 -13.4974115 
0.7792504 0.1192747 -5.9636871 -2.6887214 -0.9767543 -6.4208753 
0.5624475 0.0933064 -4.2528026 -9.0487044 -0.0393815 -15.1009257 
0.8228283 0.241403 -5.5747225 -1.4808431 -0.4514686 -6.2027171 
0.7431709 -0.0159524 -4.855125 -0.334265 -0.1385937 -7.0826838 
-0.23915380000000003 0.9080116 -5.650896 2.6878939 +0.3396427 -0.8952515 
0.4508702999999999 0.0274767 -3.9663703 -5.750862 -0.2554009 -15.3675380 
-0.5243835 0.788356 -5.1280615 4.8822561 -0.3123019 -10.3624858 
0.2771449 0.0313359 -2.8999955 -2.1902936 +0.6032645 -2.7530413 
0.0347852 1.0249923 -4.3231466 0.2875542 +0.1060894 -1.3772572 
0.4236797 0.1630153 -4.3243516 2.5184512 -0.3680485 -13.7087822 
0.319351 0.9277872 -5.4623072 2.6208856 +0.2849329 -14.1127393 
0.8842871000000001 0.2961587 -3.7952966 -4.1748462 -0.0029319 -6.4457128 
0.3067881 0.0638601 -5.7618353 -7.6474666 +0.0946824 -14.3759297 
0.1522588 1.3429911 -4.4860168 9.3025682 +0.1940238 -3.2255930 
0.181128 1.0227592 -8.8115729 0.46424570000000004 +0.2175537 -11.9624666 
-0.3809672 1.1532755 -5.2229548 8.8850344 +0.5954580 -10.4076271 
-0.3177243 1.1268487 -5.2138082 4.9948721 +0.7299884 -9.9825434 
-0.5257075 0.8257707 -4.8278358 6.8474876 +1.4375696 -10.2829585 
-0.2547289 1.2513813 -4.2995085 11.8820673 +0.0659298 -4.1250904 
0.1990457 0.3172933 -2.1997288 -4.8783068 -0.1666173 -2.7619002 
0.8655319000000001 0.3904957 -5.8391376 -11.7038699 -0.3680417 -6.8468800 
0.2750395 0.8804595 -8.0750575 5.3301221 +0.3742523 -14.3265835 
-0.0527675 1.1151692 -5.5585608 14.615366800000002 +0.6236472 -2.2526938 
0.1825418 0.1590656 -2.5754294 -1.0865454 +0.0687672 -1.5139637 
0.6535141 0.0492263 -5.2078656 0.22951679999999997 +0.3278676 -12.5444687 
0.8394163 0.2767675 -5.008329 -4.149704 -0.7274720 -5.0898032 
-0.014193799999999996 0.9231528 -4.7404242 4.9699948 +0.2313076 -3.3490196 
0.28979 0.4133921 -1.5167482 4.1047129 -0.3714596 -2.1955412 
0.9293542999999997 0.1303143 -5.065192 -3.9338490000000004 -0.4031959 -5.0913791 
0.8694925000000001 0.2243185 -4.7711157 -9.8035857 -0.7658106 -5.2213588 
0.1494527 0.0480539 -1.0098034 -3.4399432999999995 -0.5414305 -5.0860188 
0.2057475 0.9893048 -8.0316524 -0.7833952 -0.1115145 -13.5626872 
-0.3312395 0.9227492 -4.2504182 11.6099766 +0.6036898 -9.8814915 
0.44290549999999995 -0.3609032 -4.8617652 -3.1102530999999995 -0.6475381 -12.7796523 
0.8059777 0.2981746 -3.8918778 -0.5636197 -0.5982528 -7.2676461 
0.1694092 -0.0233552 -2.6658761 4.384025 -0.1977313 -3.8372823 
0.1738228 0.1173867 -1.5654255 -0.1252569 -0.7968541 -1.5746660 
0.7134569 0.0785983 -5.1836687 -5.3056856 -0.2004243 -6.9048764 
0.2723264 0.9096092 -6.9198096 4.7485722 +0.1469970 -13.5308854 
0.11692769999999998 0.1660417 -3.686946 1.535134 +0.4113075 -2.3616667 
0.1276527 1.200522 -5.1466868 -0.7210148 +1.2334625 -3.4129660 
0.2918553 0.9460712 -7.1419668 1.0726181 -0.2152746 -14.4803200 
0.0757903 0.0493588 -2.535796 -0.6278664 +0.1650328 -1.9983086 
0.24202790000000002 0.9314023 -5.7534142 -0.218798 +0.5487753 -12.6319359 
0.2154261 0.8922029 -8.2369975 1.4200077 +0.7072692 -11.3604279 
0.2592249 0.9032899 -7.664104100000001 -0.5526727 +0.7565591 -11.9739523 
0.0343774 1.1496562 -6.2037169 8.9018856 +0.9978620 -3.9680761 
0.0696472 1.111094 -4.2047065 7.7472648 +0.5260282 -1.5846687 
-0.5013853 1.0154176 -5.4161084 4.9385744 +0.5392579 -9.8804414 
0.1478374 0.9452363 -8.3018742 6.0908707 -0.0400838 -15.3900417 
0.1420906 0.8893916 -7.2377884 8.2758501 +0.3551209 -14.2615272 
0.1514134 0.9614495999999999 -5.8203464 2.3289699 +0.4191088 -14.7660556 
0.1965429 0.6707115 -9.1199208 -8.6183411 +0.1924938 -15.7461758 
-0.0712575 1.1954137 -4.9562065 -0.3609087 +0.1824851 -3.7895716 
-0.44928910000000005 0.8504797 -4.7684235 3.5074394 -0.1872847 -11.1533912 
0.250831 0.2707145 -3.1925985 7.1012748000000006 -0.8376083 -3.4783852 
0.9316947999999999 -0.0366006 -3.7109282 -6.0367227 -0.2897130 -4.0051687 
-0.0736083 1.1337762 -4.5877056 6.445174199999999 +0.3883574 -3.1973641 
-0.3058501 1.0406047 -5.0063781 8.2497491 +0.9574985 -11.4177063 
0.7234233 0.1870139 -4.7038305 -6.235147 -0.3480847 -4.5816223 
0.5281665 -0.1098018 -4.2461646 -1.6183384 -0.1459949 -13.5599152 
0.1698906 0.0850462 -1.3485555 -8.0624254 +0.0549579 -2.0464514 
-0.2539734 0.7831022 -5.0562491 4.6941744 +0.3641410 -12.2590692 
0.6451454 0.2393305 -4.9172616 -7.7141494 -0.3140146 -12.4963601 
-0.571194 0.9529024 -3.9595304000000002 7.1024098 +0.9537280 -11.3574394 
-0.49927080000000007 0.6515178 -5.6159193 9.6288177 +0.9731905 -10.7338047 
0.24894140000000003 1.0647175 -8.5284294 0.5368359 +0.3413069 -15.0963409 
0.3979105 0.0842634 -5.3285638 -1.3073269 -0.7493246 -13.4911224 
0.6306307 -0.0747825 -5.4277011 -5.9087843 -0.8796104 -12.3254294 
1.1024745 0.4336439 -5.7528325 -10.1460604 -0.1790869 -5.0406370 
0.4397169 -0.2397477 -4.1160467 -4.0800276 -0.2070703 -12.9600660 
0.0830338 0.7627122 -8.1817726 7.6822121 +0.0941699 -12.2032688 
0.9703618999999999 0.2463767 -5.7027853 -4.1432121 -0.0771675 -5.6201606 
0.4597365 0.1401394 -4.4851015 -4.4250721 -0.4072393 -13.2299159 
0.1865031 0.2966672 -1.6877064 0.0063518 +0.1023429 -3.4768766 
-0.3861089 0.702173 -4.4583761 4.3063595 +1.0129387 -9.0853597 
0.2852898 0.2512597 -2.4044117 2.1655624 +0.1335871 -2.4740801 
0.0066614 1.1814925 -5.329683 -0.5072942 +0.4828537 -3.3510164 
0.4140125 -0.2213325 -4.8092466 -5.5758865 +0.1835434 -12.1961620 
-0.3902112 1.1363982 -5.1837575 6.7152196 -0.1812683 -9.9804167 
0.6598281 0.3452147 -3.8925679999999994 -3.5319646 +0.2055983 -8.3520556 
0.2917139 1.0840221 -8.8069057 3.0928137 +0.8198782 -13.4878357 
0.4662859999999999 -0.1866885 -5.5592276 -0.05938999999999999 -0.5681764 -13.9119722 
0.1322784 1.1302486 -6.3122342 -2.4077175 +0.2737776 -14.8097947 
-0.4212174 1.0216441 -4.5701079 11.4099289 +0.1393034 -10.6677171 
0.170249 0.3263717 -1.0972405 7.0318734 -0.2578238 -2.1964787 
0.0361766 0.1019371 -1.2088322 -8.5329778 -0.0275147 -2.0683849 
-0.1025657 1.2890921 -4.9985728 8.5823303 +0.6618736 -1.3230381 
0.11066889999999997 1.1614787 -7.4681007 -1.0279451 +0.9914662 -15.3501218 
-0.4162005 1.0935406 -5.9286445 13.773329600000002 +0.3968346 -8.7033499 
-0.3430865 0.7030599 -5.0982796 1.8020816999999998 +0.8197071 -8.7139575 
-0.3991725 0.9953869999999999 -4.7597507 5.95885 +0.5057632 -9.2566390 
0.7992778 0.1701385 -4.3347314 -1.5890935999999998 -0.3091220 -6.5206580 
0.4320202 -0.0045004 -1.2463813 1.3637488 +0.1995758 -3.2536218 
-0.1321983 1.0497722 -5.757094 5.8349178 -0.0240129 -1.5332653 
0.1673861 0.0726848 -1.691298 -12.3526863 -0.2696299 -2.9182338 
-0.0514786 0.2141451 -2.7548744 1.5902558 -0.2041093 -0.3042182 
0.168258 0.7682777 -7.2977953 -2.3080655 -0.0584560 -12.8399278 
0.22551500000000005 -0.052556 -1.6692445 -1.3432477 +0.0735003 -3.1129370 
0.156375 1.271937 -5.3497401 5.2625456 +0.6485192 -3.5020680 
0.0694356 1.160847 -3.9937538 -0.3195153 +0.3319756 -3.4023142 
0.1793431 0.9437234 -8.2048289 -2.8669578 -0.1207768 -13.2427804 
0.7519437 0.253894 -4.7901248 -2.2714531 -0.2946934 -3.2248226 
0.5619682 0.0563991 -4.9135698 -5.5248139 -0.3286834 -13.0785514 
0.1250324 0.7601135 -7.2748279 0.9555942 +0.1945818 -14.1714347 
0.0847804 0.8277589 -8.1045196 -0.45363970000000003 +0.0420660 -14.3139304 
-0.0346692 0.9950039 -4.4221794 9.94892 +0.6076688 -1.8673072 
0.3580193 0.4050823 -2.6454574 0.0546374 +0.1369676 -2.8697765 
-0.22802719999999996 0.9538202 -3.9721496999999997 6.368095699999999 +0.2438218 -1.8437640 
0.3060186 0.1186113 -1.6696719 -2.8810913 +0.4206037 -1.1706133 
0.6092581 -0.0210684 -5.8255528 -1.3323626 +0.0195490 -14.9343471 
-0.3386913 1.0587765 -6.6431066 4.7009673 +0.8287332 -11.2946466 
0.3796878 -0.0672288 -5.6903704 -5.6320372 +0.0690458 -13.6194363 
-0.4968648999999999 0.7575735 -4.2131932 7.6969027 +0.7756133 -10.7009041 
0.2086493 -0.1128385 -0.6816754 -1.4009656 +0.1829076 -3.4703765 
0.8218787 0.1436728 -3.9628133 -6.227899399999999 -0.4317564 -8.1933732 
-0.1317053 0.898736 -4.3886017 7.2769944 +0.2885681 -0.6913623 
0.9246239 -0.0383216 -4.9135235 2.7313902 +0.0011292 -4.6977236 
0.3289864 -0.0410719 -5.8512755 -7.2833809 +0.3626729 -14.6466048 
-0.22374320000000003 0.729861 -4.1269306 1.1417225 +0.6471998 -11.0357776 
0.49656540000000005 0.0960295 -5.3656653 0.40601879999999996 +0.0279984 -12.8118368 
0.2741207 0.7897259 -7.778999599999999 -2.4934512 +0.4462816 -10.8102281 
0.4087568 0.1242659 -2.1994999 -5.6861543 -0.3126652 -2.2502657 
1.0495676 0.3957676 -3.9613844 -4.5466548 -0.3801535 -4.6672887 
0.0505787 0.9558352 -7.4147355 -0.7222451 +0.3265347 -12.4107785 
0.8231433 -0.0585113 -4.4120472 -5.1315325 -0.8437761 -5.7954110 
0.5712651 0.1024161 -4.6890457 -8.3331636 -0.9555325 -15.1196053 
0.6419971 0.3124553 -4.0859284 -1.8791136000000002 -0.1362686 -6.1477688 
0.4320671 -0.0762827 -4.6583503 -2.7764338 -0.5257431 -13.0793499 
-0.1718423 1.1245687 -5.8848079 3.2963855 +0.2838575 -3.0260077 
0.11154689999999999 0.3839064 -0.7276714 1.3516393 +0.3223273 -2.5747023 
-0.0368792 1.2406536 -5.0600009 4.7490446 +0.7670700 -1.7074899 
-0.3621217 0.868871 -5.3069139 9.3084294 +0.0157180 -10.2788181 
0.1319307 1.0695808 -6.5686207 2.8673228 +0.1795233 -2.4258198 
0.2147828 0.8900452 -10.0745184 1.9367178 +0.5806989 -13.4917122 
0.1738058 -0.1221879 -1.8223991 -3.1638764 -0.2119800 -1.4344961 
-0.3246113 0.8713699 -3.9396209000000004 9.6375409 +0.9904666 -10.1617162 
0.4033974 0.1258546 -3.2344825 -1.8152111999999998 +0.2793568 -1.2964254 
0.0209826 1.0637099 -6.8241894 7.247575 +0.6836933 -4.1533373 
0.1966787 0.901846 -6.9186562 -0.4943784 +0.2082541 -13.4316232 
0.8694650999999998 0.12106089999999999 -5.9158759 -4.8680987 -0.3346921 -5.7349906 
-0.3951964 1.0899869 -4.8401537 5.6455879 +0.4581107 -9.7790451 
0.911377 0.1048304 -4.5335574 -2.1535483 -0.4356331 -4.3893684 
0.1576131 0.6403915 -7.3966492 3.0339098000000004 -0.0785635 -15.9593685 
-0.0370427 1.2065487 -5.2477759 3.7386444999999995 +0.5375236 -3.5797288 
0.3572889 1.0803774 -7.1238071 -4.9569203 -0.1472534 -13.4256454 
0.1868328 0.1039999 -3.0043656 -0.10889599999999999 +0.0606745 -1.5228312 
-0.3215651 1.1678881 -3.8377202 4.5642733 +0.5967512 -9.2185251 
0.23201100000000002 1.100119 -7.736907199999999 11.6610414 -0.1361856 -11.8918726 
-0.48670930000000007 1.0310084 -5.7835377 1.9641603999999997 +0.4389947 -10.9186196 
-0.4489379999999999 0.8135202 -4.6726205 2.8749689 +0.4282413 -9.4063453 
0.3764153 0.0073932 -5.7264663 -6.0929546 -0.1825000 -14.0017798 
0.1273048 1.0937806 -7.852784699999999 5.3209804 +0.6571601 -14.2678620 
0.274179 -0.1143011 -3.9280112999999997 -8.8664912 -0.0028446 -13.8743243 
-0.0250117 1.1441373 -5.0414987 -0.2531882 +1.3290759 -2.0980094 
-0.5820772 0.9535275 -4.1309737 2.7054709 +0.7899777 -11.1625924 
0.7185049 0.1207489 -6.0379512 -6.2160232 +0.2539773 -4.6584189 
0.4392171 -0.12341050000000002 -4.2515441 -5.6101757 -0.1472618 -14.4151036 
0.8649577999999999 -0.0014832 -6.0520714 -3.4722636 -0.2844440 -5.4633007 
0.598999 -0.1832403 -4.5030695 -3.8285713 +0.1312798 -14.8863005 
0.11268629999999998 1.3579385 -4.9130897 7.3419201 +0.0730523 -1.2470390 
0.3846965 0.0585399 -2.1004022 -2.7013218 -0.1061685 -2.7914479 
0.1442425 0.1039519 -2.4891276 -4.66075 +0.3055841 -1.2071014 
-0.3563642 1.0766279 -4.8565443 11.2537652 +0.6338318 -1.8385534 
0.9714669000000001 0.0502381 -4.7860915 -4.3367461 +0.2533095 -6.0022156 
0.8268434 0.1591564 -4.527727 -6.130708399999999 -0.2929869 -6.1369736 
-0.4173805 0.6938967 -3.8235083000000003 4.6741135 +0.6585324 -10.8022153 
0.9637354 0.1640318 -6.6245534 -3.4545613 -0.5952797 -6.4520367 
0.4039341 -0.3135016 -4.8682437 -14.071888800000002 +0.1793955 -12.9984441 
0.3632387 0.899566 -8.167227 -1.3611948 -0.0940077 -13.5931874 
0.592992 -0.0912188 -3.4234821 0.4261821 -0.3682525 -14.4595346 
-0.6542049 0.8453482 -5.4218548 6.035500399999999 +0.3702609 -8.8232065 
0.46849080000000004 0.0970598 -4.7905392 -4.0951301 +0.2229784 -11.9146253 
0.5690608 0.0133899 -3.7534473 6.8865402 -0.2676843 -15.3633308 
0.7904647 0.0316548 -5.2162922 -6.6369753 -0.3045485 -6.1975692 
0.1708536 1.1137898 -6.1437053 4.1144031 +0.4940602 -3.4222257 
0.7010818 -0.3665704 -5.8614887 -0.3342199 +0.1182346 -13.6183239 
0.9114473000000001 0.3348214 -4.5700852 -5.9036844 -0.0700598 -6.1900554 
0.21787069999999994 0.0721204 -1.5734625 0.7018122 -0.1902285 +0.5327094 
0.3130144 0.9039046 -9.4636097 1.3118541 +0.2669150 -13.1847941 
0.2422406 0.9532006 -7.5747647 1.9003249000000002 +0.1951141 -14.1948271 
-0.49860750000000004 1.0310838 -3.435081 2.1726722 +0.7651870 -10.5209186 
0.2719123 0.5650381 -2.0433443 2.9283005 -0.4989645 -1.0070893 
0.3970433 0.5292692 -1.9270177000000002 -0.043341 +0.5377299 -1.4481585 
0.2660492 0.3279893 -1.8230924 -1.230642 -0.2469246 -2.9483503 
0.3112066 0.9481686 -8.1048264 1.2825081 +0.1462746 -13.1573970 
0.1961838 0.3812531 -1.6958815 2.464648 +0.1130444 -3.8239614 
0.9726371000000001 0.1969214 -4.3779958 -1.4766691 -0.1897197 -5.5454301 
0.22205899999999998 1.1986442 -7.2184586 -3.0951326 +0.7500160 -12.3343054 
0.4287602 0.0283862 -3.9110961 -4.0525144 -0.6103245 -13.6712208 
-0.0503656 1.1224562 -5.036687 4.2887984 -0.0406932 -3.0680930 
-0.5549695 0.6874548 -5.2437092 -0.446609 +1.2829440 -11.2726997 
0.0113808 0.7488501 -7.5443549 -1.4806453 +0.1020366 -13.3969194 
0.5371032 -0.0307576 -3.5735428 -2.0190834 -0.0398176 -12.8780963 
0.7422867 0.433893 -4.95224 -0.6459595 -0.2659485 -6.3087682 
0.3100413 1.0413721 -6.9586784 7.646783699999999 +0.3643194 -11.4467679 
0.4728831 0.1195178 -4.7611974 3.6755168000000005 -0.3083171 -15.5229481 
-0.1722175 1.3466012 -4.2722393 9.7060726 +0.1935495 -1.6085549 
-0.0194815 0.2888499 -2.2106008 -4.7844829 -0.3581919 -1.5246941 
0.8946238000000001 0.0083129 -5.224138 -3.1544781 -0.2789344 -5.1647695 
-0.516743 1.1138407 -4.7749863 17.0446146 +0.4539741 -11.7825140 
0.5768654 -0.0987075 -5.5734231 -10.5613802 +0.0601017 -15.6821951 
0.05470049999999999 1.2065688 -6.4200743 -0.6327334 +0.4188040 -3.3945448 
0.0379327 0.0909267 -1.7872969 1.0986289 -0.0262540 -1.2046776 
-0.4017763 1.0449348 -5.4818974 4.2670989 +1.1515178 -9.6230447 
0.5483406 0.1392126 -4.5231238 2.9890433999999995 -0.6151287 -11.9278927 
0.9883195000000001 0.3868474 -5.2042723 0.905976 -1.3417701 -5.0926193 
0.8691666999999998 0.2237595 -6.5321213 -5.4099814 -0.1336197 -5.5257360 
0.8839469999999999 0.2861885 -5.620318 3.0857248 +0.3444437 -6.3951195 
0.8485273 0.1856777 -5.0066628 -8.6098418 -0.0649832 -5.3066191 
0.9328834 0.0173138 -4.1591409 -4.0567247 -0.2831813 -5.9647181 
-0.0489725 1.2009671 -5.730315 8.8940316 +0.8617074 -4.2165826 
0.6536704 -0.0444777 -4.0398078 -11.0499641 -0.5734854 -5.8524498 
0.7880495 0.3396921 -4.4036494 -1.8601351 +0.5735739 -7.1736996 
0.2088491 1.1124002 -8.692483 -1.9188337 +0.9652350 -13.9721480 
0.058518400000000005 1.2977125 -5.3061946 7.1633436 +0.4991335 -2.5200903 
0.11062240000000001 1.03707 -5.2600893 6.919048200000001 +0.3814147 -1.3621746 
0.3661031 -0.2308594 -4.4693938 3.5289437 -0.7767864 -14.7002292 
-0.49031530000000006 0.6407477 -5.3855911 11.2449098 +0.4211044 -10.7850635 
0.22710060000000007 0.3984624 -2.4604146 -1.4907875 +0.2185088 -3.1295505 
-0.5359149 0.8003072 -4.1218147 1.279487 +0.3012266 -10.2679829 
0.5447242 0.0464069 -4.6808021 -10.8243632 -0.2219146 -13.5067006 
0.275611 0.1652916 -1.3404446 -0.1472029 -0.3645073 -0.5438124 
0.2920017 0.9490666 -8.4547491 -0.5224826 +0.7195846 -14.6059928 
0.3069407 0.8016143 -8.1322004 7.7057004 +1.3480630 -14.5855292 
-0.5405867 0.877813 -5.4785008 8.9228107 +1.0301486 -10.8293521 
-0.4874106000000001 0.7288597 -4.0768013 4.5671834 +0.5060442 -9.6723274 
0.3957144 0.9235565 -7.3411318 4.135152 +0.3741336 -15.1804779 
-0.1723977 0.9674028000000001 -4.2471157 7.190966400000001 +0.2742036 -3.1535291 
0.47858770000000006 -0.2465888 -5.5576163 -4.8423893 -0.4973196 -16.2140356 
0.8753106000000002 0.2197935 -5.3051255 -9.2607301 -0.5394467 -5.4435826 
0.8926667000000001 0.0960374 -3.8601461999999995 -9.4397308 -0.0595736 -7.7470804 
0.6118416 0.0957756 -4.2271289 -9.5006509 +0.0056456 -14.4720890 
-0.3877481 1.0211784 -4.5005008 14.6057764 +0.3822616 -11.3012011 
-0.2910771 0.7517378 -4.1392232 6.0370147 +0.5041915 -12.8329434 
-0.5906747 1.0753906 -4.3355601 7.4756167 +0.9828110 -11.4879122 
-0.4450488000000001 1.0631965 -4.2034656 12.9848255 -0.1191881 -10.8188311 
-0.2708537 0.6615872 -4.9433179 10.7968595 +0.4603905 -9.7854016 
-0.2717898 0.857993 -5.1130515 10.3761777 -0.1646404 -9.4717504 
0.47036129999999987 1.1335449 -7.8476395000000005 -5.4695622 +0.4846717 -13.8654874 
0.2099597 0.7038166 -7.8858953000000005 4.8302268 +0.8592041 -13.0447047 
0.2662318 0.172904 -3.771124 -2.5662838 -0.3084332 -12.7176977 
0.7007463 0.3743914 -4.7222178 -0.8525274 -0.0162916 -5.2776323 
0.5147132 0.0307562 -4.5111932 -2.9469788 -0.5205726 -14.0696517 
0.8541115 0.1932402 -5.8163204 -3.9407915 -0.0144629 -5.2385488 
0.49671950000000004 -0.0774806 -4.7590096 -4.4718827 -0.8115143 -10.9861156 
0.6533949 -0.1324403 -6.1261565 -2.3011916 -0.4524504 -13.3188353 
0.8466319 -0.0960191 -5.1787522 5.0761295 -0.8727378 -6.3581208 
0.1994687 0.7151643 -7.787877599999999 7.6308396 +0.4469777 -14.5275689 
-0.031060500000000005 0.9516661 -6.3549895 4.239997 +0.8978765 -3.0707183 
0.010713 1.0278108 -7.4950366 2.3266276 +0.3146487 -14.5492015 
0.2943277 0.8585544 -7.5963963 10.0695242 +0.5114194 -13.9554810 
-0.5828109 0.7328069 -4.0998799 2.7344641 +0.9942090 -10.1449854 
0.8660952999999999 0.1598165 -4.9442323 -2.571399 -0.4103410 -6.9321416 
0.8320647 0.3711782 -4.1978209 -1.2014976 -0.0561776 -4.6257950 
0.6059677 0.0751499 -3.9561358999999996 -14.8940907 +0.0454477 -12.1169739 
0.23210580000000003 0.8860254 -7.4424321 11.6162026 +0.2435043 -14.0554588 
0.749173 0.1871118 -4.6342396 -5.0702575 +0.0877179 -6.6841654 
0.4748352 0.0694365 -4.8515608 -0.6800141 +0.1177337 -13.3452130 
0.3299507 0.1620761 -1.7319216 -2.7146432 +0.6329939 -2.7364710 
0.4102031 0.0432572 -4.1045293 -6.213519499999999 -0.4387264 -12.7803558 
0.3454642 0.359604 -2.0192901 -1.7214314000000002 +0.1606709 -3.8639532 
-0.5372891 0.7840353 -5.1053706 1.2793857 +0.5230398 -9.7421956 
-0.47024170000000004 0.9556669 -4.2874238 7.869258800000001 +0.7505262 -9.7108134 
0.1819578 0.1731665 -2.6850591 3.5726956000000003 +0.4362861 -2.3103167 
0.6352134 0.0334733 -4.0473183 -8.0635776 +0.2553633 -13.3694888 
0.7373839 0.2177024 -5.4359667 -10.2678808 -0.5212069 -5.6580655 
0.2034303 0.184609 -1.851368 -6.475577 -0.0468151 -3.1375984 
1.1033385 0.1081207 -5.8445104 -8.478729 -0.0626928 -5.2034884 
0.104765 0.0708499 -2.301412 -0.5067959 -0.3145732 -1.3337449 
0.8361202 0.0118482 -4.7203678 -7.452673299999999 -0.9021402 -7.3486355 
0.488962 -0.113673 -4.6795345 -1.2958009 +0.0096203 -12.7057461 
0.2807673 0.4674262 -1.5185741 2.2731514 +0.0230225 -3.2319408 
-0.4201184 1.066261 -6.9607216 1.8980024000000002 +0.0516424 -9.8495459 
0.1929535 -0.0716097 -2.1290271 2.219869 +0.3755739 -3.7823829 
-0.0689003 1.1722688 -5.2816246 3.6787513 +0.7933676 -2.6641967 
-0.71725 0.9916595 -5.225452 7.667892600000001 +0.0598050 -10.0261529 
0.3895382 1.0799378 -8.0477755 1.3076047 +0.6277436 -14.0057302 
0.5076519 0.0654327 -5.2002178 -3.2753282000000006 -0.2412267 -13.5563424 
0.3101881 0.2699891 -1.208608 -0.0822668 +0.0635097 -2.2119378 
0.3356128 -0.2222075 -4.8677003 -3.8210862 -0.0208125 -12.0628027 
1.0225547 0.1751916 -5.6616371 -6.4921275 -0.1019019 -3.7909129 
-0.4819955000000001 1.0139205 -5.813694 4.6018379 +0.2791270 -12.6631191 
-0.3496976 0.7217745 -5.7017241 -0.5511992 +0.2393626 -12.1960358 
0.23370110000000002 0.9195404 -7.3738106 -3.4181762 +0.3112499 -14.6033800 
0.5043293 0.0185636 -5.6198423 -6.3339897 -0.1959176 -14.3884784 
1.0269556 0.3488388 -5.8011371 -7.601451299999999 +0.3908407 -5.5887464 
0.102455 0.3303835 -0.7318702 2.0514465 -0.7273062 -4.4917123 
-0.46326220000000007 0.9277132 -3.5828242 5.985543999999999 +0.6144222 -10.6508452 
-0.6034074 0.6107546 -4.4875272 10.8130085 +0.6715081 -8.3042011 
-0.2702872 0.8932022 -5.405872 4.5816038 +1.0022643 -9.7436124 
0.4985046 -0.0715667 -4.1285689 -7.4581267 -0.3619332 -13.9681911 
-0.1864615 1.0234385 -3.6118387 1.7320641 +0.0840957 -1.7537892 
0.5528919 -0.2150684 -4.8790223 -2.1048467 +0.0654821 -11.7474652 
0.2025311 0.1712778 -1.5929455 -2.6594942 +0.3429117 -2.1729933 
0.0557086 0.9857776000000001 -5.6239571 10.2179082 +1.0644776 -0.3137545 
-0.0053495 1.0244202 -5.4238876 3.657584 +0.7881278 -2.3357482 
0.11616269999999998 0.4141758 -1.6238594 -3.8953619 -0.1489614 -2.3511864 
0.3049358 0.8262894 -7.2693719 3.7646611 +0.6765588 -12.4484608 
0.1686217 0.8195418 -7.816440399999999 5.5220284 +0.5191146 -13.1310254 
1.0134054 0.3724043 -3.7979205 -8.615302 -0.1099750 -6.5805634 
0.49638420000000005 -0.0446341 -3.0681641 2.0254941 -0.7842981 -13.1681861 
0.1653623 1.1549301 -8.6366323 7.301443299999999 +0.3566157 -13.2635320 
0.5231552 -0.1182184 -4.2766682 -8.3258768 -0.0038369 -14.0344879 
0.7740504 0.261972 -4.4069592 -2.4935002 -0.4049890 -7.2656197 
-0.4180459 0.8151848 -4.6814843 3.8565725999999994 +0.7327819 -11.6092784 
-0.1276918 1.0153154 -4.9614336 9.2197304 +0.3713028 -1.3525390 
0.2612506 0.9770970000000001 -7.6644955999999995 -4.2475718 +0.0531585 -15.6712993 
0.3853481 0.8051448 -7.2705878 -5.6126761 +0.2602982 -14.3162183 
1.0699036 0.4334174 -6.1417171 1.5401123000000003 -0.1172986 -5.6430783 
0.5496805 -0.1279133 -4.876076 -2.821481 -0.0900741 -13.4226621 
0.2546147 0.1124456 -0.6596344 -2.5745661 -0.3451538 -2.6689661 
-0.4079766 0.8696447 -5.5132786 6.252987000000001 +0.5440537 -12.2809551 
0.7611777 0.1438051 -6.5602804 -5.1424578 -0.1665430 -5.9598519 
0.8438521 0.2144181 -5.1638974 -3.7950061999999996 -0.5718780 -2.8565259 
0.3076051 0.993535 -8.3607248 2.4649678 +0.1842297 -14.3694372 
0.174083 0.1500821 -2.2066278 1.0721882 +0.3344490 -2.1869715 
-0.0477579 1.3358369 -3.9710082999999994 7.254745500000001 +0.2900267 -1.4584092 
0.2847078 0.1731144 -1.8518437 3.3001649 +0.0159854 -3.1851873 
0.8751282999999997 0.2260132 -5.317573 -7.6236489 -0.2542635 -7.1871870 
-0.1277862 1.1048372 -5.5870624 1.7169555 +0.6022952 +1.8752513 
0.2468152 1.0651491 -8.2168054 7.120803400000001 +0.9449650 -16.3850331 
-0.565806 1.0066442 -4.1244674 11.7593933 +0.5517922 -10.1390054 
0.6321361 0.2024925 -5.5562853 -9.798139 +0.1137725 -5.2244897 
0.4438006999999999 -0.1035194 -5.0832704 -7.643614 +0.5427134 -15.4545211 
0.060070700000000005 1.0556227 -5.0432777 6.0971605 +0.3500790 -1.5091462 
1.0207542 0.4078133 -5.6683242 -8.8866621 -0.7607751 -6.6893477 
0.3631036 0.9675882 -9.3206252 2.4648326 +0.8380382 -14.8293139 
0.1908789 0.7100932 -7.61941 -3.9387135 +0.2441980 -14.6520069 
0.4533597 -0.0683847 -6.4391284 -7.0714919 -0.6064730 -14.5532675 
0.0182781 0.2074871 -1.1693551 -2.8721304 +0.2611838 -2.1897304 
0.8877102999999998 0.1498361 -4.2605135 3.7672286 +0.3204828 -5.6896535 
0.0690582 1.0516345 -5.2811992 3.6571952 +1.2878014 -4.2276179 
-0.3973876 1.1411569 -5.3437038 16.4465733 +0.6720047 -11.0730140 
0.2765268 0.748035 -9.2705753 4.0657616 +0.5152609 -13.7525655 
0.3990782 0.8308994 -9.0537314 -12.0571696 +0.4035642 -14.0981815 
-0.1912187 1.3212812 -5.5962841 13.153799100000002 +0.1053820 -1.9035832 
0.1314496 0.2139366 -1.7709399 2.7416156 +0.1566953 -2.7434407 
0.9169442 0.0615307 -4.0753402 -2.9500169 +0.1827610 -6.3445685 
0.7364604 0.0289069 -5.3940034 -8.2252328 -0.6149750 -4.9238254 
0.064211 0.0366954 -3.448333 -0.22668059999999998 +0.6336429 -3.1242157 
0.8318185 -0.0306939 -4.450605 -4.3813415 -0.1464506 -5.6031208 
0.3066926 0.2849132 -2.3246658 -5.1090072 -0.1161595 -2.7786800 
0.2332046 0.8845389 -7.761861200000001 -3.6103542 +0.4819674 -13.4651180 
0.1022446 1.1801548 -5.1884134 6.7742526 +0.8737414 -1.4229778 
0.1066309 0.1556537 -2.554305 -0.9699205 +0.2875537 -1.2065936 
0.3854728 0.4267806 -1.6156997 8.5446178 +0.3761628 -0.6752319 
0.9604531000000001 -0.0454957 -4.8888671 -0.4515924 -0.0685876 -5.8128073 
0.3269493 -0.0492485 -5.5423195 -0.9314002 +0.2576340 -14.6300894 
0.2814189 0.9922273999999999 -9.4676708 -1.6697657 +1.1199447 -13.3758433 
0.2110216 -0.1397201 -1.9945297999999998 5.1196661 +0.0732331 -1.2840922 
0.9143923999999998 0.1287128 -4.4131302 -10.9157234 -1.3490240 -7.3944577 
0.203078 0.9181901 -8.6765571 2.8586414 -0.2208468 -13.1088328 
0.24387289999999995 0.0406764 -1.1736105 -0.5614774 -0.8032277 -0.6673705 
0.49774670000000004 -0.0269682 -4.6552041 -0.9798761 -0.2351033 -14.4302860 
-0.2751088 1.0881976 -5.40861 -1.1207745 +0.3103353 -2.3043563 
-0.1011368 1.2652559 -3.9645754 10.8970548 +0.2976472 -1.4674543 
0.5067271 -0.0414938 -4.0864815 -1.1610799 -0.0267084 -12.8268965 
0.46950069999999994 0.0441284 -4.6408631 -7.8759592 -0.4731338 -13.9882914 
-0.3775652 1.0403309 -5.2967101 9.2199924 -0.1243320 -11.5062009 
0.2911159 -0.0078295 -3.3490986 -0.1986843 +0.6401924 -2.4610132 
0.8773657999999999 -0.0104577 -5.1308261 -7.8090732 -0.2053307 -5.0622696 
0.9843189999999998 0.12104399999999998 -4.6364474 -4.2877689 -0.2063587 -5.7535983 
0.0981881 0.793066 -7.7244178 -0.21283519999999997 +0.7967826 -13.6943900 
0.1461639 0.0480318 -2.0607683 -1.445636 +0.1387001 -4.7896387 
0.3671316 0.215141 -2.3236044 0.2241636 +0.3196519 -4.3241805 
0.3550348 -0.1866226 -4.5587799 -12.348006100000001 +0.1929374 -12.6268579 
0.3703144 0.9564051 -8.058697 4.8298483 +0.7704867 -13.9513511 
-0.3300426 0.7711208 -4.4020154 8.3544894 +0.6557384 -9.9868197 
-0.4836092 1.0160141 -4.030145 0.1701263 +0.7750607 -10.1799883 
0.9712090000000001 -0.1818786 -4.126744 3.1234304000000006 -0.0698941 -5.4267088 
0.2980437 0.0642222 -2.760564 -6.904840899999999 -0.2759774 -4.5522690 
0.032345 0.2786082 -1.7123024 -2.5790065 -0.0470487 -4.0953896 
0.45306920000000006 0.0262835 -5.6937741 -2.6622006 +0.2168965 -11.8973365 
0.8735675000000003 0.2782661 -4.1472708 -4.3787263 -0.3098998 -6.0171139 
-0.5593129 0.8166402 -4.8074454 10.4562374 +0.6557522 -9.7942188 
0.1603803 0.897556 -9.033233 -0.27751 +0.7352512 -15.9260523 
0.4403716 -0.1710027 -3.8430896000000003 2.9177128 +0.0235762 -14.5176731 
0.025483 0.0102258 0.1400756 1.9002008000000001 +0.0744283 -1.9960249 
0.49558860000000005 0.910414 -8.0410054 -5.3388527 +0.6796405 -14.0153375 
-0.1147359 1.1327007 -5.4244002 6.943602399999999 +0.2998719 -2.8501120 
0.2510737 0.3623466 -1.3600116 4.5360635 -0.2175394 -5.8955687 
0.0096416 1.2544052 -5.3330581 11.2837583 +0.3081008 -4.2185744 
-0.44918250000000004 0.8901367 -4.4846786 7.2355077 +0.8919697 -9.0043280 
-0.0685007 1.3721024 -5.0198016 6.6776542999999995 +0.3077902 -0.4706384 
0.4364437 -0.0993001 -3.5701625 -8.5874724 -0.9115593 -13.7236266 
0.7903154 0.0574422 -5.1451822 3.6265385 +0.2565596 -5.9646535 
0.8337197 0.2785335 -4.8533055 1.0284925 -0.4907554 -5.0944010 
0.21728900000000004 0.1003115 -2.3239652 1.332103 +0.3990359 -1.5187520 
-0.1925529 1.2607878 -4.2438121 5.4513957 +1.0454802 -2.1819766 
-0.0813756 1.076565 -6.1124127 4.2941945 +1.4729167 -3.2787904 
0.45426240000000007 0.3427421 -4.683669 -1.0243717 +0.0334106 -13.1790675 
0.3748643 0.0911477 -3.8197111000000006 3.240882 -0.0821250 -12.6093702 
0.5834241 -0.0640165 -5.5978336 0.8955258999999999 -0.2822713 -12.1061920 
0.6433744 -0.1648498 -4.9294201 4.9292438 +0.4208232 -11.9990119 
0.4841698999999999 -0.0894201 -4.4757407 5.2322353 -0.0030783 -13.0680980 
-0.1775112 1.2192008 -5.3059801 12.4688371 +0.7643624 -3.5530424 
-0.4432739 1.0537684 -4.7310942 6.9550888 -0.2224285 -9.3809262 
0.2788355 0.1954178 -1.9959514 -4.3449189 +0.1044338 -3.2759440 
-0.47098580000000007 0.9677742999999999 -5.9801658 6.6417391 +0.6548653 -8.9143047 
0.782232 -0.0244148 -5.9467434 -1.9161057 -0.5875823 -7.5395440 
-0.0228247 0.8235892 -5.0346334 5.0646433 +0.4712398 -2.6483249 
-0.11634549999999998 1.2787537 -4.2944517 1.9111649 +0.4724672 -2.9830931 
-0.055511700000000004 0.9229748 -4.294355 5.4922183 +0.8985549 -3.2579223 
1.0573894 0.11545 -6.0626468 -5.5731959 +0.0635979 -5.8498030 
-0.4001079 0.9120786 -4.8210514 0.7638081 +0.0007592 -10.8862998 
0.23849230000000002 0.8039611 -8.1498659 1.6829491 +0.1914909 -13.8868726 
0.8577243 0.3815832 -5.676138 -11.0158785 -0.4477750 -5.8611650 
-0.5137725 1.1179334 -4.2724457 -2.2130052 +0.6919175 -9.7527724 
0.179443 0.1968234 -1.3943459 -4.7101011 +0.2934618 -3.4255157 
-0.1212542 1.0660168 -5.3598882 2.5783089 +1.0455222 -3.3186844 
0.4539295999999999 0.6968007 -7.305868 -1.9085969 +0.2675248 -15.2399994 
-0.11037640000000001 1.0857533 -5.9586307 8.6160423 +1.3258340 -2.6294582 
0.5004829 -0.0905178 -5.7714976 -4.1639054 -0.8762312 -14.4608904 
-0.6245475 0.7565261 -4.0295 3.2788956000000002 +0.4657703 -10.5575815 
0.8931050000000001 0.1744915 -4.8542422 -3.3607702999999995 +0.0331981 -5.6532501 
1.0006102 0.2359126 -4.6460521 -5.1748266 +0.0140136 -6.1359198 
0.8525711 0.1066846 -4.5846209 -12.3835671 -0.3296675 -7.2298621 
0.3857959 -0.4423956 -3.4564346 -3.1748442 -0.2883276 -16.5531579 
0.154443 -0.1476061 -2.3533909 4.6172163 -0.2267143 -3.8815302 
0.1571939 0.1415646 -1.9412243 -4.8785127 -0.2274109 -2.4890546 
0.8967111000000001 0.0881459 -3.4409326 -1.4494603 -0.5235315 -5.7064747 
0.1939037 0.2599381 -1.9778649 -5.3348895 +0.4525597 -3.8116986 
0.2619405 0.1144398 -0.5235318 6.2862407000000005 +0.6726586 -3.0124633 
-0.2021053 0.9772161999999999 -4.0883341 4.9487379 +0.6752514 -4.0740619 
0.8386303 -0.009535 -4.6779657 -3.2912559 -0.0476579 -6.5755943 
0.156148 1.1531755 -8.4028703 -2.449806 +0.1701504 -12.0147241 
0.8801707999999999 0.2524965 -4.6580118 -5.2307402 +0.2280817 -6.3714890 
0.8990648999999998 0.1276619 -5.7145575 -5.1966551 +0.3216816 -6.8502018 
0.7547164 -0.1607235 -5.7924032 -2.5386408 +0.3772293 -6.4906428 
0.7905376 0.1165819 -6.5867948 -5.4796392 -0.6009714 -5.7280410 
-0.3597268 1.0170498 -4.2880705 6.206586199999999 +0.6904490 -12.1714459 
0.47860830000000004 -0.0054773 -6.8124325 -6.6191735 -0.5149232 -14.5873451 
0.11519349999999998 1.2450046 -5.6724248 -2.6614556 -0.0832972 -1.7578089 
-0.0234499 0.941012 -5.6034974 9.5655784 +0.4758398 -4.1066681 
0.9512001000000001 0.2226733 -5.600779 -8.6151046 +0.0014031 -5.4768009 
-0.0120688 0.8287607 -8.7809387 -6.5101635 +0.6735435 -15.4204407 
-0.5022139 1.0483062 -4.6973479 11.531678 +0.7603500 -9.6738341 
0.1683747 1.107507 -7.3380594 1.1033593 +0.2126441 -14.5037685 
-0.0230384 1.0850041 -5.38604 4.6131532 -0.4573978 -4.1617757 
-0.3878314 1.2059264 -3.9827210999999996 8.0071254 +0.3776370 -8.6806776 
-0.4838307 0.6927967 -4.0087593 4.714145 +0.6151370 -9.9126816 
-0.6190655 0.9336284 -4.9925398 4.7304378 +0.9970155 -9.1784808 
0.4185545 0.9721651 -9.0824211 2.7393488 +0.5805482 -13.7078317 
0.23430040000000002 0.9383975 -7.5254237 -3.1829055 +0.2085988 -14.8422052 
0.23230349999999994 0.8380141 -7.719364 2.5018667 +0.3750210 -15.7358608 
-0.4189958 0.8595153 -4.5235136 9.3608259 +0.2126252 -10.3978591 
0.6565329 0.0802277 -4.3020882 -5.4897851 +0.2006892 -4.5947741 
-0.2899818 1.0561988 -5.0722416 3.9325442999999995 +0.0504090 -9.7362600 
0.8238192 0.209635 -5.2701687 1.247972 -0.5148861 -6.0116561 
-0.1403175 1.2903899 -4.3657234 6.5227006 +0.4572824 -1.3334078 
-0.4912496 0.911765 -5.538075 4.7811277 +0.1290844 -10.1666236 
-0.4393348000000001 0.8149667 -5.3864683 3.3254442 +0.1816722 -9.3947249 
0.5713317 0.12410769999999999 -4.0269734 -4.5948539 -0.1962566 -15.8657342 
0.3421741 -0.06180569999999999 -4.3525993 -4.5890918 -0.1958339 -14.9541390 
0.0169067 1.2805641 -5.0413876 5.6228402 +0.4930723 -2.1125181 
0.9716419000000001 -0.1550026 -4.6599846 -0.9283431 +0.1968859 -6.6530603 
0.4417715999999999 0.0793308 -5.3283972 -1.8713908 -0.4976624 -12.4942197 
0.3923017 -0.0238696 -3.0814134 -0.3739308 -0.3381981 -15.0201139 
-0.0037096 1.1704325 -3.8611626000000006 4.004113 +0.4553091 -2.1691170 
0.212472 1.0554205 -7.2268012 6.1744101 -0.0808444 -11.8606162 
0.0860442 0.0904597 -2.0980158 5.3837371 +0.0117565 -0.8615397 
-0.6784938 0.7171799 -4.3168533 4.5025501 -0.2189640 -8.7460786 
0.3089302 0.0345407 -4.3205146 -15.2220846 -0.1798976 -14.5346039 
0.4893949000000001 -0.2088361 -5.6921436 -1.1570779 +0.7846074 -12.5586760 
0.3327576 0.8915188 -8.7743363 -0.7887935000000001 +0.3700921 -14.0774032 
-0.4635236999999999 1.110399 -5.1881121 16.6068592 +0.8082672 -9.5139144 
0.2265138 0.2668504 -2.7644203 -0.5460065 -0.0720274 -2.4346769 
0.1336874 0.8131476 -5.2563733 6.517079100000001 +0.5429141 -3.4244087 
0.3874064 -0.3552805 -5.3884351 -4.6690731 -0.3404325 -14.2351281 
1.0259234 0.0244257 -4.8949997 -0.9069985 -0.1500135 -4.7587871 
0.9444272999999997 0.24541969999999996 -4.3963166 -7.9840052 -0.3799823 -6.1554677 
-0.3664088 0.9504775 -4.6717784 6.5426758 +1.2805448 -9.8694927 
-0.0825119 1.1294215 -5.8725521 4.2050631 -0.0003555 -1.4723613 
0.0214259 1.0707865 -5.2786274 5.8907296 +1.1211556 -1.8476559 
0.8804760999999998 0.2737977 -5.4864869 -6.3889793 +0.0174451 -6.2266158 
0.1018253 1.2192067 -3.9054922000000003 7.1204123 +0.1931542 -1.4181120 
-0.1248779 1.1339364 -5.2841264 2.0842001 +0.7851195 -3.0581514 
0.8365026 0.1174438 -5.2854741 -4.5897396 +0.1381034 -5.2226033 
0.6433239 0.0488979 -4.3960747 -1.9964083 -0.5056357 -4.2298435 
-0.5141446 0.8768455 -5.0418862 0.133147 -0.1634907 -9.2747206 
0.9866144999999997 0.5254969 -5.3612619 -12.389991900000002 -0.3007330 -7.0598675 
1.0064725 0.4186959 -5.7757133 0.8372169 -0.9127928 -6.2634877 
0.1874033 0.168841 -1.5880647 -1.055591 +0.1057365 -1.5057327 
0.5136389 0.0645451 -4.5630616 -4.3564849 -0.4255412 -14.3000332 
0.2831611 0.4335961 -2.1557358 0.6483502 +0.2211665 -5.0257393 
0.9320947000000002 0.1853925 -5.0688108 -8.0642858 -0.9107615 -4.6487752 
-0.11869360000000001 1.2791058 -5.6670188 6.6197615999999995 +0.3532373 -1.5270805 
-0.3673118 0.7222334 -4.2249842 -1.9013142 +1.1673873 -11.2055381 
0.0491149 1.1701955 -5.2899114 3.4918099 +0.5125934 -0.6123046 
0.2017101 0.0271584 -1.4383555 -1.8489450999999997 -0.0763528 -1.8884895 
0.1453178 0.953001 -8.0570124 0.3331933 +0.1767032 -16.1191516 
0.2926293 0.2602308 -2.4358182 -4.9329113 +0.2475806 -2.4048183 
0.2509915 0.8637205 -8.257251 8.2740591 +0.5421049 -13.6099064 
-0.47385990000000006 1.0672799 -4.4809574 4.0893014 +0.2395569 -9.4240901 
-0.4686215000000001 1.0873531 -5.6490508 3.8590634 +0.1670606 -10.5179397 
0.8955204999999999 0.4738158 -5.7146689 -3.1628631999999994 +0.1006949 -5.9897850 
0.8847547000000001 0.1044837 -5.2030318 -2.5294469 -0.5329040 -3.8024071 
0.21684439999999996 0.7710008 -7.7099624 -2.3101262 +0.3591787 -14.0832017 
-0.309022 0.9903405000000001 -5.2615857 7.2419291 +0.3630754 -9.6463951 
0.8531999 0.0667326 -3.9507447 -10.4029196 -0.3540051 -7.4222949 
0.7962861 0.2124543 -4.4607945 -15.6561526 -0.2717087 -7.9955213 
-0.211493 1.3340886 -5.6291218 14.501534 +0.1571069 -1.6353616 
0.3187143 0.2315098 -0.9997241 -0.3489664 -0.0133146 -3.1978391 
0.8706886 0.1181858 -5.0086846 -4.7745439 -0.8100705 -5.9589778 
0.2476559 0.8614733 -8.1207888 -1.4618796 +0.1354830 -14.5971423 
1.0843758 0.12252949999999999 -7.3513282 -3.1403083 +0.5851698 -6.0755255 
-0.5129246 0.9725253 -3.7012777 -2.6544828 +0.9366994 -9.3478226 
0.2564155 0.9383168 -7.4980744 -0.5865119 +0.2733544 -12.7225370 
0.9856334999999998 0.2391881 -5.4324377 -6.6602709 +0.2057462 -6.0732684 
-0.2927751 0.8245165 -3.9993642000000005 -7.0807805 +0.8237670 -8.7025628 
-0.24888999999999997 0.9467772 -5.4224115 3.1092045 +0.9859618 -0.3406804 
-0.0656455 1.2394955 -4.6147455 -2.052609 +0.3120035 -1.7985264 
0.2110862 0.9707351000000001 -6.8501326 0.3153964 +0.6474878 -13.4879784 
0.1496844 1.1400537 -6.1519144 4.9882112 +0.2284030 -1.9376280 
0.2839246 0.3196662 -2.606303 3.7678856999999994 -0.1662383 -0.7840931 
-0.06167159999999999 0.1252481 -0.5751254 -3.6369949 +0.3980990 -2.6406731 
0.6731041 -0.1042946 -5.2693925 2.6741298 -0.6064320 -12.5234734 
0.2657084 0.9337637 -7.4602186 5.1828378 +0.0188820 -13.4815497 
-0.434574 0.9055688 -4.0673274 11.3880544 +0.5082491 -11.2904327 
0.2820876 1.0544144 -9.1780494 -3.6729075999999994 -0.4820152 -14.6902162 
0.5983285 -9.492E-4 -3.7051236 -3.7530759 -0.0293487 -14.5433894 
-0.4569499 1.0173758 -4.3714404 12.7743208 +0.7340192 -10.6740146 
0.3445035 0.7982461 -9.1489327 -6.2255316999999994 +0.2483941 -15.1228993 
-0.5295397 0.9792219999999999 -5.307251 1.7767633999999999 +1.0541583 -10.0731205 
-0.0807226 0.9799993000000001 -4.3021524 12.311822799999998 +0.3623164 -3.3531768 
-0.1693758 1.1210726 -5.90498 11.2847464 +0.6095852 -3.7455487 
0.081767 0.9870068 -8.3828628 1.9597519 +1.0036239 -14.0689319 
-0.5582675 0.9051535 -4.9851397 12.2797005 +1.0284158 -10.1307880 
0.2713056 0.8132681 -8.3094647 0.24801780000000004 +0.3544981 -13.2754202 
0.211187 0.4548276 -0.7023209 -1.8810889999999998 -0.3610059 -0.6547579 
0.22406810000000002 1.0453097 -7.729933100000001 2.5908059 +0.1277836 -10.8007063 
0.2095907 0.0110322 -3.3362367 -0.2375886 +0.3640327 -3.2958288 
0.1783032 1.0412916 -8.4626052 2.768609 +0.2372139 -13.2744794 
0.6990173 -0.0870226 -4.9690737 -2.7452689 +0.6733733 -5.7394103 
0.2881351 1.0525122 -7.667404800000001 -3.76928 +0.6098977 -14.7073117 
0.1992466 0.353048 -1.046453 0.8095326000000002 +0.0353514 -2.6512308 
0.2141682 0.6261905 -8.4050358 4.137796 +0.1230861 -13.2469220 
0.8895673 -0.0179084 -5.1502899 -7.0169125 -0.0463196 -4.8937267 
0.22174020000000003 0.6688467 -7.687355499999999 -0.1195186 +0.0915631 -13.8589137 
-0.24335040000000002 0.8528788 -3.8978459 1.8700927 +0.9036515 -11.5609583 
-0.2358359 1.1096109 -4.3962352 10.8351037 +0.9306636 -2.3351145 
0.3081691 1.1955989 -7.96845 2.0918963 +0.6407992 -14.4658598 
0.2551519 0.1125219 -3.0710673 -0.9271064000000001 +0.1641525 -1.4452153 
0.3109558 1.2629706 -8.3806211 4.439026 +0.2490006 -14.6452192 
0.7650007 0.0711899 -6.2804485 -4.4277182 -0.5191813 -6.6437546 
-0.4168697 0.7641507 -4.8358815 9.9908723 +0.4588023 -11.4108970 
-0.1688161 1.2611895 -4.5116349 13.437215000000002 +0.4971448 -2.3144659 
-0.49544039999999995 1.0319092 -3.64832 2.9265646 +0.3054235 -9.7527128 
0.028447900000000005 0.861369 -5.1198687 11.9091383 +0.8751778 -3.4640662 
-0.1295691 1.2797178 -5.0768891 3.2767793000000003 +1.0670207 -3.9548316 
0.9364903000000001 0.24447460000000001 -4.2677798 -2.8271597 -0.2616696 -4.3809771 
0.8491049 0.0247504 -5.3784343 -4.8199894 -0.3311796 -7.1527555 
0.2633426 0.2469589 -1.8675753 -4.6773894 -0.2696548 -2.5217935 
-0.2502496 1.1298263 -5.4134077 -0.6525406 -0.0830198 -2.6623386 
0.3847627 0.2156321 -3.264005 5.4755849 -0.7974115 -13.6005977 
-0.0477888 1.3631917 -5.0577141 12.251738099999999 +0.6367461 -1.0360463 
0.055933999999999984 1.0363331 -4.8713322 8.3853014 +0.9483545 -1.3299350 
0.818122 0.2614784 -5.0935992 4.7041261 -0.0524002 -5.2768598 
0.4382016999999999 -0.0091815 -4.4990634 -2.3825008 -0.4346841 -12.1285917 
-0.513179 0.862808 -3.8855483999999993 8.0227272 +0.0424088 -10.5471861 
0.0042505 1.0811841 -5.2091399 6.4823528 -0.1575757 -3.8150278 
1.0154321 0.0050315 -6.3752231 -5.9011699 +0.0458238 -4.5079729 
0.401549 0.9428667 -7.2907691 -4.2809423 +0.4370070 -13.6911355 
-0.1177582 1.1812611 -5.0880336 -3.9474394 +1.0368000 -1.8495080 
0.4283007 1.0160027 -7.970894400000001 4.6717767 +0.3580225 -14.4010615 
0.8967278000000001 0.49776129999999996 -4.4568261 -11.9012203 -0.4363709 -7.2070562 
0.1579376 0.5871166 -1.7042258 -1.204317 -0.0884393 -2.4438556 
-0.05834160000000001 -0.0964779 -2.1052571 6.751820500000001 -0.2287962 -2.1755375 
0.23728020000000002 0.0885565 -0.7422746 5.5919834 +0.1497688 -0.3793035 
0.3265714 0.9636338999999999 -8.1122215 2.866359 +0.6222448 -13.4948894 
0.0893522 1.2540853 -5.5971499 10.4631553 +0.0708613 -4.0345272 
-0.4248366 0.9807668000000002 -5.2561759 7.922561399999999 +0.3237416 -11.4339614 
0.3613911 -0.1318339 -3.9425242000000003 -4.9033174 +0.1440015 -14.2810197 
0.1914275 1.0024411 -7.0368476 9.8082096 -0.0099472 -13.5977132 
0.49475850000000005 0.9015078 -6.803178 -4.7237614 +0.8581989 -14.2012545 
0.5277201 -0.1994779 -5.6074471 -0.15545 +0.0079674 -14.2188549 
-0.6512011 0.5938989 -5.2648487 2.373431 -0.2344553 -11.3862567 
0.4103813 -0.2075313 -5.4097786 -2.1432771 +0.3339150 -13.7719745 
-0.6090238 0.9944909 -4.7175756 1.6630678999999997 +0.0751871 -10.4831063 
0.4288229 -0.3358836 -4.4316663 -3.1698575 -0.2962484 -14.8476527 
0.21977990000000006 0.8853191 -8.3229606 0.1659628 +0.3774389 -14.3341466 
0.1574253 1.2466943 -8.146655 1.6943568 +0.4147082 -15.1306069 
-0.1366452 1.2293389 -4.3221684 3.1153651000000004 +0.8481050 -2.1542202 
0.1691154 1.1674124 -3.5037504 6.451647 +0.5290777 -0.9166559 
0.7665121 0.2644666 -4.5449764 -8.4377166 -0.6355930 -5.1288167 
-0.4635541000000001 0.6767228 -5.87396 9.4565782 +0.6181643 -12.1090029 
-0.22927890000000004 1.2457189 -5.3328388 6.2376865 +0.4451194 -3.2394167 
0.3140768 0.9976572 -6.2837406 -2.7981294 +0.4001516 -12.8940409 
0.7758532 -0.054895 -5.7455873 -7.820903800000001 -0.7076657 -5.6396929 
0.9752987000000001 0.3084145 -4.4143678 -2.1440652 +0.8050511 -6.0894220 
0.4978136000000001 -0.1105937 -3.8504545 -7.9451742 -0.3738076 -15.9070755 
0.5037556 -0.2578568 -4.0606262 -7.257979300000001 +0.7019024 -12.6164481 
0.1863925 0.9751857 -7.663034900000001 8.1751115 +0.2290699 -14.3128754 
0.4471509 -0.2333489 -4.3974463 -1.0024038 -0.0435644 -15.3471216 
0.137487 0.0095176 -2.3404231 -1.4607145 -0.4843016 -2.3588599 
0.6188891 -0.3232685 -5.7569813 -13.634846200000002 +0.6754622 -13.0532020 
0.9581181999999998 0.1946777 -5.7877241 -0.8917276999999999 +0.0798814 -6.4955826 
0.45775549999999987 1.0657019 -6.9550779 7.4489735 +1.0215253 -13.1044209 
0.4421777999999999 -0.3975675 -3.0744954 -4.9864151 -0.1969661 -11.2911748 
-0.5146431 1.1442547 -5.2655715 -2.3997227 +0.5214244 -10.8617058 
0.6854381 0.2361845 -5.3533359 -6.0494218 +0.1858387 -4.5245962 
-0.5705337 1.0192197 -5.2993852 6.971316 +0.5584871 -9.5107058 
-0.2530538 1.1092567 -5.0496423 6.2194842 +0.2958078 -1.4174845 
0.0931154 0.840594 -8.8245351 -4.3889073 +0.0100308 -14.6047470 
0.9950706 0.0758602 -3.9782227 -4.7348908 +0.2529304 -5.7399724 
0.3591818 -0.1788136 -5.4991404 -15.213427599999997 -0.3469342 -12.8756460 
0.2752815 0.8437173 -8.4490691 2.7610829 -0.3181210 -13.7563681 
-0.207827 0.9273449 -5.1841208 6.766606400000001 +0.7657658 -3.5963341 
0.1614168 1.0726142 -8.6721204 5.175521 +0.3927827 -15.0862020 
-0.413427 0.7721172 -4.3816281 0.8401157999999999 +0.4107790 -12.2372832 
0.1659557 0.9192781 -5.9287098 2.6600066 +0.9774757 -13.2989717 
0.5101148 -0.3604603 -3.6338671 -4.0025507 -0.5157913 -12.2078099 
-0.1483743 1.0849037 -5.3511132 15.257068 +0.3808445 -1.8062316 
0.7358187 0.0772607 -6.1305663 0.2935768 -0.5623116 -6.1557489 
0.279001 0.2437647 -2.2784109 -2.8201875 +0.1364812 -0.5645338 
0.1999431 0.0545811 -2.8278592 -5.2435372 +0.0150213 -0.9806835 
0.1328216 1.1096549 -5.1960763 11.5916921 +0.8771669 -5.0448784 
-0.0166924 1.3568707 -4.8394831 10.1975209 +0.3305917 -3.7981638 
0.6733908 0.0442422 -4.8363649 -3.1919784 -0.2354953 -4.1336704 
0.0039676 1.0807222 -5.555902 7.3558699999999995 +0.5499286 -2.3625887 
0.6266709 -0.1639114 -6.1830273 -0.2227277 -0.6458719 -13.5261564 
-0.0841549 1.1808597 -4.8652975 12.2067661 +1.0325033 -3.2439821 
0.8865725000000001 0.0539964 -5.105658 3.0688568999999997 +0.3935277 -6.3910757 
0.44073320000000005 1.1157248 -8.1139953 2.4559032 -0.0221742 -11.9467764 
-0.4756358 0.3860338 -3.5392204 2.5401949 +0.4218730 -8.9928540 
0.0626447 0.8023866 -7.2586863 0.4005688 +0.4145293 -14.7114558 
-0.22984010000000002 0.9970691999999999 -5.756964 8.457735 +1.2114395 -1.5847024 
0.1795429 1.0488638 -8.2894244 6.6044285 +0.3614177 -14.0486810 
0.0699922 1.1685063 -4.5615387 8.025356 +0.8307489 -2.4978230 
0.9224786999999998 0.1858545 -4.3733703 -5.7728704 -0.2891029 -6.7535693 
-0.6427553 1.0773825 -6.451007 10.334677 +1.2103120 -6.3504607 
0.3277595 -0.0771226 -4.9523055 14.234142699999998 -0.4699528 -13.2238893 
-0.0783649 0.9423667 -5.7160176 5.0460001 +1.2331560 -1.7238752 
0.1498275 0.1720539 -2.4334408 -0.1519151 -0.0870597 -1.3252879 
0.8181403 -0.0244708 -5.2622729 -8.4825551 +0.0491208 -6.0090564 
0.8887036 0.3641308 -4.1567728 -3.5530217 -0.6623805 -5.3759704 
0.689402 -0.1287924 -4.8107563 -2.5656895 -0.2266828 -10.8534871 
-0.5850702 0.9708863999999999 -3.9549341999999994 10.5305795 +1.0235279 -9.2693957 
0.2735541 1.2226942 -7.769913900000001 -0.5325446 +0.4920271 -12.9669393 
0.0474719 0.0772857 -3.6104685 1.4830535 -0.1238481 -1.5878814 
0.1447821 0.0760247 -1.5887076 0.9886214 -0.6423336 -0.4639056 
0.5606327 -0.317788 -4.4246743 -5.8134403 +0.1823161 -13.3023932 
0.1505396 0.1281752 -2.1773104 -4.6892106 -0.0028238 -2.8575053 
0.5688161 0.007598400000000001 -5.7255466 -3.8004276000000003 -0.5777033 -15.0889462 
0.2747476 0.1699918 -2.6908476 -6.228740599999999 +0.1451577 -4.9611318 
0.0229178 0.3622209 -2.2668159 -10.1105088 -0.5103506 -2.5413138 
0.0801841 1.1046606 -4.7635184 2.2525478 +0.2910424 -5.0875708 
0.5072679 -0.120295 -4.616964 -3.523533 -0.0067197 -12.7393580 
0.3974699 0.1311569 -2.2377844 -0.3643841 +0.6164247 -2.1328798 
-0.4784059999999999 0.8104835 -6.2579193 5.8684121 +0.2040559 -10.4477604 
0.2918053 0.9508977 -6.7307709 2.2255537 +0.1445662 -13.1859263 
0.6702121 0.278917 -5.6000535 -6.8174737 -0.4600238 -6.5638639 
-0.2717757 1.0233303 -4.757762 4.5571859 +0.4799277 -11.4214496 
-0.47536090000000003 0.9896531 -5.2706581 2.6774777 +0.7611844 -9.9875543 
0.5879812 -0.0101648 -4.0859932 -6.0279321 -0.2815280 -15.0519286 
0.691061 0.1348705 -5.2889981 -4.4058932 -0.1096387 -7.0793598 
-0.0618633 0.0793569 -1.5020867 -6.4245112 -0.4630608 -3.2244182 
0.2843647 0.2012148 -4.9816989 -8.5971596 -0.2142976 -12.7945855 
0.05733880000000001 1.1525978 -4.2960549 2.999231 +0.7725336 -1.2078524 
-0.344653 0.8504199 -5.668167 3.2476230999999998 +0.4542010 -10.6505529 
-0.5099153 0.8160266 -3.2749495 7.527779099999999 +0.1544286 -7.8207162 
0.4050069 -0.2569115 -3.9384114999999995 -9.0443037 +0.1242559 -13.1158350 
0.1335224 1.1474682 -5.8047933 5.2338756 +0.4101514 -1.2578445 
-0.4246442 1.1554512 -5.7217268 4.6821418 +0.4338729 -8.8301019 
0.1778641 0.1197228 -1.9942686 -3.0795994 +0.0569617 -2.6328125 
0.0486141 0.0257199 -2.3872009 4.0469438 -0.3855883 -2.1546411 
0.101242 0.1318931 -1.6001953 2.6192464 -0.2398868 -2.1939122 
0.5011828 -0.0111257 -2.4544654 -1.8242208 -0.5781133 -1.3819689 
0.3168832 0.2395826 -0.8556434 -10.2876713 +0.0430216 -1.2271292 
0.2950534 1.0359576 -7.632193999999999 -0.8514512999999999 -0.0219367 -12.2730697 
0.2031429 0.0561342 -4.4366481 -6.3170723 -0.2038396 -15.4566244 
0.6664823 0.0821687 -4.3986092 -3.9922742999999996 -0.4649357 -13.6022874 
-0.4116606 0.9313912 -4.3067792 11.3384314 +0.1135071 -9.4285756 
-0.5077637 0.8194648 -4.4341642 14.0321834 +1.0165952 -10.3050579 
0.7142906 -0.0011733 -4.5060189 -5.7805547 +0.5419267 -5.7204213 
0.23874369999999995 0.9935065000000001 -7.951829300000001 11.0183107 -0.0974073 -13.6086684 
-0.5316124 0.8329325 -5.537995 5.0408047 +0.5855502 -8.5125606 
0.134286 0.2094594 -2.9693606 -1.1775217 -0.4128850 -1.2400754 
0.8853096999999999 0.261924 -4.3598297 -2.0513359 -0.0874114 -5.6582840 
-0.5586783 0.8762643 -4.2605558 0.4051738 +0.5549190 -7.6710032 
0.8401781 0.2984771 -3.9375778999999995 -1.2762934 -0.3721898 -5.5785823 
0.2054079 0.0243255 -1.5527778 7.793098999999999 +0.0858740 -1.1169746 
-0.4039356 0.824835 -5.0085767 5.3393783 +0.5034821 -8.7413952 
0.9037078000000001 0.4055478 -5.8851728 -5.7138241 +0.1784712 -4.7312657 
0.1631073 0.7269807 -8.5594441 5.3744046 +0.1565396 -13.6958339 
0.5975258 -0.2153688 -4.6110486 -4.0029195 +0.0822308 -14.0717158 
0.6359234 -0.0060149 -4.4789248 -3.5151984 +0.5940487 -14.1479695 
0.0731015 0.2478017 -2.5417217 -1.3123037 +0.2549256 -2.2274882 
-0.2409495 1.060307 -4.8740896 2.2792732 +1.2199938 -1.7634101 
-0.2977002 1.1605301 -3.6711479 -8.5246005 +0.2242924 -5.5233088 
0.24165610000000004 -0.0412785 -2.2284203 3.8451474 -0.0421980 -3.4891932 
0.2140326 1.140463 -8.6905725 2.4161568 +0.5262213 -14.1462285 
-0.0916052 1.3465657 -4.9631621 9.7687645 +0.3340435 -3.9035508 
-0.0195555 0.8815182 -5.0333537 4.9032562 +0.5175706 -3.2448446 
-0.4563420000000001 0.9030325 -5.4559996 5.979299999999999 +0.8319226 -9.5386553 
0.1977494 0.9582511 -8.9265592 6.6892402 +0.4387728 -14.5843893 
0.1883788 0.9512046 -8.0964809 -5.6673752 +0.3042568 -12.1386663 
-0.3837583 0.6817168 -4.6915167 9.5093349 +0.8987578 -7.5877713 
0.9264452 0.239275 -4.062057 -4.9477748 +0.0355679 -5.2629689 
0.1872273 0.7575558 -7.659939600000001 2.1324578 -0.1887699 -15.1097477 
-0.3990657 0.7388082 -5.4866334 9.793337 +0.5035886 -10.4046113 
0.4248516 0.9280186 -7.2855855 -1.6587722 +0.4498328 -14.2860339 
-0.0627463 1.2272702 -5.8051773 5.2691748 +0.6689118 -2.1394884 
-0.45022830000000014 0.9472744 -5.0260742 8.8921829 +0.6903669 -10.4514665 
0.44577240000000007 -0.0198699 -4.6702091 -2.9408759 +0.4321091 -11.9361785 
0.0440598 0.083167 -2.8172297 -9.8673274 +0.5088780 -1.2957403 
0.0213955 0.9213192 -5.5163636 1.1121759 +1.0618552 -2.4721304 
0.8473127 -0.1008235 -4.2324668 -5.4205417 -0.1848915 -7.9431683 
0.1452582 0.8869333 -8.2817313 -0.0647236 +0.3606432 -15.3231670 
1.0604506 0.1747184 -4.2723302 3.0207573999999995 -0.1336953 -6.0787456 
0.1011037 0.1651264 -1.5996756 -6.925428499999999 -0.5081412 -1.2373174 
0.3681616 0.790091 -6.8603746 2.3607511 -0.0407921 -13.3405397 
0.3321028 1.002143 -8.8453392 3.8018470000000004 +0.0957961 -12.4544869 
-0.1421682 1.1569593 -5.1846144 4.5709057 +0.6517299 -1.9475069 
-0.015537200000000001 1.0278285 -4.8428548 8.079589 +0.2316498 -2.3217324 
0.4237825 0.2024631 -4.1026085 -1.2735776 -0.3882160 -13.2441681 
-0.372644 0.9802922000000001 -4.7479227 6.8238388 +0.4358815 -10.2849616 
0.7417474 0.4443345 -5.3601533 -7.162416400000001 +0.1305107 -5.7333654 
-0.547111 1.0013959 -5.2750132 0.1747862 +0.4083965 -10.5307919 
-0.0790164 1.0226243 -3.8308041999999998 -0.5627708 -0.1878228 -1.3828068 
0.0825019 1.0494112 -7.1826152 4.2681982 +0.1668085 -15.0602600 
0.6518516 -0.1500652 -5.2580201 0.46777189999999996 -0.3249934 -12.4333559 
0.8974614999999999 0.4506375 -6.217541 -11.9524702 +0.0002880 -4.3535910 
0.2824814 0.7740633 -8.6597416 -0.1230229 +1.0902161 -15.5443546 
0.2935884 1.1367525 -7.2541655 7.312023400000001 +0.1486680 -13.2675737 
-0.552525 0.727441 -4.7267498 6.5349478 +0.8611455 -12.0895989 
0.1417987 0.2824387 -1.9034004000000002 3.1850144 +0.1946937 -4.6441009 
0.1625309 1.1401045 -5.1879502 6.8555507 +1.1361635 -3.2640337 
0.0982864 0.1589262 -1.4311424 -5.957200099999999 +0.2471497 -3.4901083 
0.3524225 1.1318716 -7.881749000000001 2.1795838 +0.7400669 -13.3465433 
0.1793401 0.1542449 -1.2752717 4.5379936 +0.3865092 -4.1090239 
0.3382267 -0.0394186 -1.1120984 -4.4193123 -0.1667420 +0.3925870 
0.3114425 0.5658762 -5.7983983 0.6262204 +0.9278531 -13.9638212 
-0.5783446 1.1677989 -6.0566557 2.6976647 +0.1688226 -11.2770387 
0.6117319 -0.2243036 -3.1841504 -7.0795663 -0.7324033 -12.9432903 
0.45105399999999995 0.0272096 -4.8148246 -5.3091712 -0.6634156 -14.7291064 
0.8626594 0.2679494 -3.9875580000000004 -9.1517507 -0.1441383 -5.8678462 
-0.5761425 0.8843854 -4.1240768 4.4833552 +0.3057505 -9.9577296 
0.1722111 0.0643477 -1.4256499 1.6274018000000001 -0.3837072 -1.4725981 
0.157214 0.9879319 -8.0886553 -2.5206273 +0.2163529 -14.7912384 
-0.4943706 0.8495491 -4.6855108 10.9406408 +0.2238178 -10.6267732 
0.46728670000000005 0.0266757 -4.9038234 -0.2598417 -0.0806640 -12.1687728 
0.3224932 0.9338118 -8.662177 8.1064257 +0.3990927 -15.9419676 
-0.0635071 1.1261002 -6.4808967 7.2935228 +0.5916512 -2.4748771 
-0.4668272999999999 0.979263 -5.5791635 10.6481916 +0.2133330 -11.6991246 
0.3238436 -0.1680771 -6.7105249 6.4110398 -0.6141987 -14.3465581 
-0.12418920000000001 1.3169817 -4.9929837 8.4765021 +0.6117759 -1.6927154 
0.0723351 0.9566578 -6.4701956 8.4261373 +0.9041801 -2.6271144 
0.5159611 0.1745331 -5.9585501 -2.9189125 -0.0498203 -13.3375939 
0.21965349999999995 1.0897587 -9.1847435 1.9192113 +0.0582851 -15.3458958 
-0.4111247 0.7477849 -4.8880525 8.9360468 +0.6407584 -9.5691702 
0.49304820000000005 -0.2093008 -4.0124134 -8.7655625 -0.3364872 -14.1134751 
-0.0039433 0.9306173 -5.0348514 10.2382836 +0.7694284 -2.6137672 
0.2830016 0.0306448 -2.1694263 -6.8440836 -0.3930996 -0.8699552 
0.0862359 0.8731598 -6.5146623 -2.4550026 +1.4877770 -14.3183985 
0.1753975 0.9670925 -7.1393314 1.1823324 -0.1233541 -14.3390105 
-0.3946562 1.0639283 -4.6576366 4.5560569 +0.4747685 -9.3112040 
0.2964163 0.2466851 -2.3095691 -5.5290733 +0.6123966 -1.7762566 
0.2523706 -0.0992347 -1.1141903 0.0793031 -0.3082530 -2.2947460 
0.215361 0.5197586 -0.9190967 4.7914255 +0.6633817 -1.7099559 
0.18817 0.2011679 -1.9711441000000003 5.228481 +0.0987577 -1.0937475 
-0.0104255 1.1227558 -3.9243782 2.9854203999999998 +0.0756430 -1.2219973 
0.3422111 -0.06082880000000001 -6.3020434 0.503403 -0.3620304 -14.3143821 
-0.258314 1.1114459 -6.3046162 2.8168552 +0.3764790 -2.0349199 
0.7918101 0.0156339 -4.4292611 -5.2683604 -0.3299221 -7.1543132 
1.0246142 0.1874311 -4.4646702 -4.524823 -0.3914510 -4.1318767 
-0.6132392 1.1920762 -5.1011273 7.5531673 +0.5140449 -10.5333497 
-0.5007673 0.9465256 -5.0862945 5.7483236 +0.2764590 -9.9180118 
0.0931933 0.808887 -7.990644499999999 3.5173056 +0.1893326 -11.8901814 
0.22757340000000004 0.0947023 -0.6422537 6.8113438 +0.1829178 -1.5930584 
0.9688783000000001 0.1978883 -3.265148 -2.8297621 +0.1636571 -6.4103300 
0.4164536 -0.0592551 -1.0378106 -3.3979001000000006 +0.3728680 -2.4882104 
0.2668529 0.1855183 -1.0025869 -4.2087145 -0.1764838 -1.6493147 
0.7671506 -0.24612809999999996 -4.5440987 -2.4149797 -0.0872097 -8.0891642 
0.5898362 -0.3386279 -6.4716451 -5.1662836 -0.1469302 -13.8924049 
0.5262822 0.0113812 -5.7288443 -5.6098121 -0.0788707 -13.0176789 
-0.3085173 1.0228209 -5.1416854 3.1489388 +0.9336096 -10.0389728 
-0.1633317 1.077174 -5.8009169 2.3895706 +1.0525788 -1.5066457 
0.5207413 -0.0081122 -4.1057475 -5.4720265 +0.0729736 -13.6175397 
0.22257740000000004 0.1088409 -1.7202299 1.0030794 -0.0940454 -3.8434799 
-0.5708969 1.0436375 -4.4872815 8.0350301 +0.3907192 -10.0432227 
