0	5.750284482056567
1	5.151315484565672
2	4.613750694263597
3	4.1597658553358645
4	3.8001601834142242
5	3.5525518937036216
6	3.387344944193381
7	3.2806038192253397
8	3.215382458426599
9	3.1733903022745915
10	3.146201657203816
11	3.128162710723976
12	3.114555275164484
13	3.1061207051563344
14	3.0984300265276445
15	3.0930151569623234
16	3.088884435579958
17	3.0854549672409
18	3.082157567228543
19	3.079559331172434
20	3.077079685117029
21	3.074565786394154
22	3.0726278623174306
23	3.07035285105047
24	3.0686311319974733
25	3.066847617726887
26	3.0650426716752497
27	3.062931379788399
28	3.061062471632131
29	3.0590661616556165
30	3.057469860480355
31	3.0555452722078416
32	3.0532568619581433
33	3.05067631506591
34	3.0487343754920273
35	3.046357407467481
36	3.04454262106445
37	3.042123670317954
38	3.0392466466570927
39	3.03720419636207
40	3.034609871399245
41	3.0317139878571373
42	3.0291166988414284
43	3.0257689698085963
44	3.0225041186924546
45	3.0201041403442073
46	3.0161178201535193
47	3.0136125042503616
48	3.0098359700679875
49	3.0058893006751894
50	3.0026233107805096
51	2.9987425477847847
52	2.993997350007705
53	2.99071463748215
54	2.9859157243953742
55	2.981640213276579
56	2.976918020243224
57	2.972070143087495
58	2.9663135657482202
59	2.9616324457716168
60	2.956752107440557
61	2.950540904924144
62	2.9449940270429535
63	2.9388550147651564
64	2.9324644638066037
65	2.926003192621657
66	2.9194170996869957
67	2.9125505708804855
68	2.906560306209134
69	2.8983199361846954
70	2.8911042086064
71	2.883264836873188
72	2.8761051919123357
73	2.8676192470049777
74	2.85966855456674
75	2.8510554557958745
76	2.8419916757391284
77	2.832665249417951
78	2.8235322773211835
79	2.813511515084717
80	2.8039515933144776
81	2.795214624419091
82	2.7841832015148675
83	2.774533863415751
84	2.7641840153660513
85	2.7518264772098147
86	2.742672356651381
87	2.730566889310346
88	2.7184797415837894
89	2.7077436423314847
90	2.6953999482475455
91	2.6847243136324
92	2.6709333050837327
93	2.658902014236547
94	2.646248738807603
95	2.6337193516751904
96	2.6221052403965865
97	2.6086594947590163
98	2.594995146697144
99	2.5822627551262354
100	2.567740043283458
101	2.554840595995131
102	2.5405985189020446
103	2.5272013100811153
104	2.5141171161120472
105	2.4995351474721863
106	2.4861934503654526
107	2.46991979440053
108	2.4560200183705776
109	2.4420447702577963
110	2.427475921397175
111	2.41312631790624
112	2.398568813661364
113	2.3837640093008976
114	2.3697296469302724
115	2.3539985856488066
116	2.338796972480555
117	2.3250497170148505
118	2.3078292564173557
119	2.295044008479064
120	2.2782602692202714
121	2.264337116458916
122	2.248831960579703
123	2.234670397072142
124	2.2191565198296583
125	2.2042149942890727
126	2.188909510528152
127	2.1713955127793847
128	2.1580480532327098
129	2.140714952115642
130	2.1253179197775
131	2.1095885576627773
132	2.0952509153041445
133	2.0790809201883365
134	2.0654908847546833
135	2.047607148951061
136	2.0322721808843474
137	2.0170700888170447
138	2.0023913071886166
139	1.985050402611383
140	1.969237066960998
141	1.9528197852617009
142	1.9385300038231166
143	1.9220960049290174
144	1.9047585027646816
145	1.8901928126753198
146	1.8720659344983932
147	1.8563322382250669
148	1.8407226941642252
149	1.8243799006896473
150	1.8096900924371202
151	1.7913228725045447
152	1.7753222149516872
153	1.7596644811915123
154	1.7436464422523508
155	1.7278193562337736
156	1.7121274091653302
157	1.696499060086032
158	1.6809435843125748
159	1.6666448063108958
160	1.6488296936789917
161	1.634362343258599
162	1.6193302031898342
163	1.6050078004291528
164	1.5889256175557325
165	1.5723322748149604
166	1.5572631881695838
167	1.5430951790968863
168	1.5297366832739767
169	1.515194907507462
170	1.4995801874609909
171	1.4858990747328387
172	1.4727298229021286
173	1.460103306279113
174	1.4456448815617868
175	1.432132584626157
176	1.4180083108693062
177	1.4063568707711576
178	1.3924743312313712
179	1.3800712907041695
180	1.3681271557813721
181	1.3559650449235938
182	1.3435805634826514
183	1.331509052261913
184	1.3189331456022342
185	1.3071521150853158
186	1.2960750017953089
187	1.2842697678920187
188	1.2738063257527523
189	1.2619373871604946
190	1.2509270509212413
191	1.2387353074017162
192	1.228189186957688
193	1.218816015539843
194	1.2076651418064406
195	1.1967111395729573
196	1.185870331391676
197	1.1758296502913916
198	1.1654210973986538
199	1.155762377949154
200	1.145496999006665
201	1.1359152600066467
202	1.1260065506178116
203	1.115811559939684
204	1.1060280996695242
205	1.0967097981343017
206	1.086474145008713
207	1.0779006768951458
208	1.0673223202242974
209	1.0582366482782024
210	1.0488031747492719
211	1.0399453602825457
212	1.0302308247228924
213	1.021804214881515
214	1.0120187042075621
215	1.0030041307181863
216	0.9940095005400038
217	0.9847680755193862
218	0.9762871915464497
219	0.967901642489879
220	0.9590803198845528
221	0.9504530699776608
222	0.9420422816649827
223	0.9337176651481656
224	0.925746033949133
225	0.9164987080223114
226	0.9083748105814253
227	0.900257007988653
228	0.8923783795449279
229	0.8844225463877766
230	0.8760439741342239
231	0.8681963770390362
232	0.8602127251597127
233	0.8524776869131898
234	0.8452785805299412
235	0.8371011760904943
236	0.8300007574976521
237	0.822515079458288
238	0.8144879895033208
239	0.8074744590502557
240	0.7996838752014233
241	0.7931085056742744
242	0.7855535206251143
243	0.7784895419772266
244	0.771525738062005
245	0.7645075599911435
246	0.7577149416930887
247	0.7511774278394653
248	0.7442686307275401
249	0.7377759573375765
250	0.7312042315125831
251	0.7243960149473875
252	0.7182327864149605
253	0.7115960478726904
254	0.7053377042794354
255	0.6994583096193103
256	0.6929869343858532
257	0.687031461819212
258	0.6808120895194603
259	0.6746934194464662
260	0.6691527952155041
261	0.663281399368163
262	0.6575123740285904
263	0.6518194471831937
264	0.645859523142247
265	0.6404481464011802
266	0.6347996494186658
267	0.629574232789176
268	0.6242345762748417
269	0.6185983662765139
270	0.6136059032148937
271	0.6082499457407176
272	0.602982378398946
273	0.5979611593686744
274	0.5932002474283975
275	0.5880681293008505
276	0.5832989292014868
277	0.5781868095223833
278	0.5736490708142044
279	0.5689010559666111
280	0.564075788734788
281	0.559464720187816
282	0.5547900609660905
283	0.5503176573237103
284	0.5457924171371459
285	0.541578839846142
286	0.5370424040639263
287	0.532858119003405
288	0.5285310896292155
289	0.5243696625779604
290	0.5202044130307215
291	0.5161264760907701
292	0.5119642442773275
293	0.507972981897749
294	0.5040096288651311
295	0.5001392560160093
296	0.4963585861501602
297	0.49239905973792436
298	0.4886127683743121
299	0.4848702242501911
300	0.4811846175163881
301	0.4775663726136925
302	0.473932354023355
303	0.47036744071072556
304	0.4668180804638733
305	0.46331398208372226
306	0.4599319902853025
307	0.45649553823174016
308	0.4532062712517454
309	0.4497874475236395
310	0.44657592324292206
311	0.4432430510996208
312	0.44007931769715497
313	0.43684513585238116
314	0.4337424124129433
315	0.43059882097795177
316	0.42751392607454997
317	0.42448104492021155
318	0.4215149164494386
319	0.41853323309416046
320	0.41566612853593
321	0.41271436937765255
322	0.4099130359919287
323	0.4070199759981205
324	0.4042672846739223
325	0.4015022330871698
326	0.3986762326670918
327	0.3960374503041152
328	0.393362719355988
329	0.390630109121636
330	0.38801160224589826
331	0.38541725619606837
332	0.3828519883228655
333	0.3802958127768671
334	0.3778011884698471
335	0.3753771604823028
336	0.37290453015549857
337	0.3704270917994119
338	0.3680348319385907
339	0.3656968541450325
340	0.3632810008264443
341	0.36099905897512324
342	0.3586457461150411
343	0.3563897961224837
344	0.35416321340937457
345	0.35188249799663285
346	0.3496946580464261
347	0.34751371310800416
348	0.3453821759848681
349	0.34319698400929577
350	0.34106599492298006
351	0.3389874026284196
352	0.33692067916018786
353	0.3348396139306344
354	0.3328152889374666
355	0.33082463114775656
356	0.32880014771331806
357	0.32685001383470735
358	0.32492893770693976
359	0.32300249272158216
360	0.3210851918464193
361	0.31914524230031316
362	0.3173212191252963
363	0.31546132119329656
364	0.3135885286683766
365	0.31175990675812165
366	0.30996825337298206
367	0.30821689107906336
368	0.30642612730474833
369	0.3047085682806943
370	0.3029285134131231
371	0.30123151268332277
372	0.29952655542217926
373	0.2978506267111172
374	0.2961867774520081
375	0.29456087232738265
376	0.29289932961767595
377	0.29128264246056534
378	0.2896816737425831
379	0.288099680983884
380	0.2865279810945349
381	0.2849472004723313
382	0.28341510650580487
383	0.28186849205754066
384	0.2803584934354978
385	0.2788540546783138
386	0.27741376278685886
387	0.2759343812509999
388	0.2744644100594785
389	0.27299128439309955
390	0.27159364465458846
391	0.27016073659966827
392	0.2687263937688595
393	0.26733868275382927
394	0.26597135438435937
395	0.26461498708154235
396	0.2632268272450369
397	0.2618775443504163
398	0.26055811006192553
399	0.25926620321207056
400	0.25794127975462516
401	0.25663530152673886
402	0.25534495892615844
403	0.25408290715515786
404	0.25278971997785193
405	0.25156744209798143
406	0.25032867192775354
407	0.2490898554804492
408	0.24785469553450298
409	0.24662612607040263
410	0.2454575488150694
411	0.24424919232622455
412	0.24308622118112921
413	0.24189946704508775
414	0.24075652920516397
415	0.23957777366915428
416	0.23844239965577624
417	0.23732005896790756
418	0.23618122565547806
419	0.2351009722932934
420	0.23396905670985374
421	0.23290121317904167
422	0.23180340924112458
423	0.23071095816065507
424	0.2296733416598899
425	0.22861493182501652
426	0.22755078181369448
427	0.2265174112915429
428	0.2254656144067313
429	0.22446316012887899
430	0.22341748529893343
431	0.2224364595854545
432	0.22143571315399704
433	0.2204295332473194
434	0.21943183060548216
435	0.21847031325391958
436	0.21748603766335006
437	0.21655193168763898
438	0.21557189918283448
439	0.21462682924827298
440	0.2136892303665947
441	0.21278440371275348
442	0.21183431371103045
443	0.21092100981881548
444	0.21001246871798332
445	0.20912317349758092
446	0.20821172984777855
447	0.2073349303144052
448	0.20643910362740067
449	0.2055764643929826
450	0.20470578842537818
451	0.20385032937356892
452	0.2029824655231779
453	0.20212234638036694
454	0.20129238753722034
455	0.20046444178375344
456	0.1996320854771097
457	0.1987964552372422
458	0.19797099983975208
459	0.1971553389096144
460	0.19637100658767825
461	0.1955665340707184
462	0.19475349282602117
463	0.19398504766732877
464	0.19320169919442814
465	0.19241896817712462
466	0.19163069089117282
467	0.19088408401481383
468	0.19012085168379855
469	0.18935815704183598
470	0.18859768030954907
471	0.18786863376394625
472	0.1871350674864245
473	0.1863941641681949
474	0.18566718339225036
475	0.18492801378721846
476	0.18422123411683977
477	0.18350638750319573
478	0.18278711375657442
479	0.18210185103136264
480	0.1813976340497265
481	0.18070742087320835
482	0.1800145148063142
483	0.17931930883045516
484	0.17863639733766634
485	0.1779632171433691
486	0.1773076761789062
487	0.1766298178565656
488	0.17596692577422773
489	0.1753223875447303
490	0.17465707192263938
491	0.17401187730879752
492	0.17336557303044725
493	0.1727366974612175
494	0.17210540291331455
495	0.17147279954226657
496	0.17083972691931018
497	0.17022517274882581
498	0.16959023989842975
499	0.16899126780359602
500	0.1683658262578689
501	0.1677731978837493
502	0.16716796089604957
503	0.1665570383446774
504	0.16596427664896307
505	0.16538899653784636
506	0.1647950036329252
507	0.1642038539953212
508	0.16362508827033592
509	0.16305779597785927
510	0.16247770084187874
511	0.16192280267799375
512	0.16134496147725633
513	0.16079618601850332
514	0.16022662952377414
515	0.15968711178551995
516	0.15912285209797383
517	0.15858441280521599
518	0.1580401012698246
519	0.15750050124766868
520	0.15696811427850396
521	0.15642043014016227
522	0.155905369748916
523	0.1553773495314296
524	0.15484812095248862
525	0.15432000690332245
526	0.15380371135735843
527	0.15328941855755152
528	0.1527902956254992
529	0.152278906716582
530	0.15177746421449684
531	0.15126360175127565
532	0.1507730803486251
533	0.15027878971695238
534	0.14977788678500342
535	0.1492970213289436
536	0.14880930485557867
537	0.14831762647628896
538	0.14784805702266676
539	0.1473591616904282
540	0.14688572304684652
541	0.14642422422916562
542	0.14595319992529657
543	0.14548500788462926
544	0.1450118360163986
545	0.14456185760700932
546	0.14410045815551167
547	0.14364265902599002
548	0.1431938117107759
549	0.14274312315676807
550	0.14228292588734584
551	0.14183812079722824
552	0.1414048106273978
553	0.14096130363592166
554	0.14052604665414276
555	0.14008278357375015
556	0.13965767923086753
557	0.13922926711253503
558	0.13879730303989535
559	0.13836510271216818
560	0.13795123794137332
561	0.1375302372058623
562	0.137108843787537
563	0.1366878712289345
564	0.13627343110645304
565	0.13587127031196639
566	0.13546339849260844
567	0.13505245665738388
568	0.13464150520959667
569	0.13424882270548283
570	0.13383861704163663
571	0.1334515698139999
572	0.1330459504079467
573	0.13266099178075777
574	0.13226070360326384
575	0.13187241753614304
576	0.13149525841823106
577	0.13111009512162414
578	0.13071847679596743
579	0.13033709257411463
580	0.1299660486523271
581	0.12959070561439243
582	0.1292135354422008
583	0.12884107803639494
584	0.1284624207175762
585	0.12809396615057966
586	0.12773257540954105
587	0.12737059070911402
588	0.12700806916289917
589	0.12663809878595292
590	0.1262801115533144
591	0.12592736397224652
592	0.12557162036357775
593	0.12522019161769798
594	0.12486724121414458
595	0.12451085855196004
596	0.12417158017460213
597	0.12381732147079172
598	0.12347930283201519
599	0.12313630042491581
600	0.12279391773563045
601	0.12245652127157644
602	0.12211843923978016
603	0.12178152606029458
604	0.12144974547905829
605	0.12111722144461508
606	0.12077994907387013
607	0.12045593533391391
608	0.12013138586157712
609	0.11979846542991968
610	0.11948228438300099
611	0.11915249639784714
612	0.11883685572390003
613	0.1185200791051022
614	0.11820086771955232
615	0.11788684745836821
616	0.11757139763313021
617	0.11725731518778054
618	0.11694089779778677
619	0.11663143386944237
620	0.11633109533648157
621	0.11602396909640664
622	0.11571832234336793
623	0.1154143285990873
624	0.11510623355848537
625	0.11481159771117103
626	0.11450652053061214
627	0.11421426829131101
628	0.1139126518617376
629	0.11362366990344878
630	0.11332416058334646
631	0.11303229992481009
632	0.11274882511501294
633	0.11245959131443019
634	0.11216518282021543
635	0.11188317538803366
636	0.11159327604616508
637	0.11131012179402167
638	0.11103332561027689
639	0.1107520990107585
640	0.11047168894228292
641	0.11019486120788874
642	0.1099166063733039
643	0.10964070450364045
644	0.10936639796640185
645	0.1090928707881969
646	0.10882099283602077
647	0.10855130074949261
648	0.1082817939477676
649	0.10801392556104382
650	0.10774485624120443
651	0.10748050716239889
652	0.10721072017163913
653	0.1069513597432079
654	0.10668936988386524
655	0.10642875274974911
656	0.10617084710922835
657	0.10591068561737679
658	0.10565325932839645
659	0.10539803857100921
660	0.10513867441927782
661	0.10488499071637401
662	0.10463604533335683
663	0.10438074194275201
664	0.10413451239704619
665	0.10388153324987787
666	0.10363355679390954
667	0.10339131913929994
668	0.10314078080416769
669	0.10290035817718388
670	0.102656953083913
671	0.10241396030165557
672	0.10216829855302592
673	0.10192772223851965
674	0.10169204833396116
675	0.1014536477704591
676	0.10121709296424641
677	0.10098218451585758
678	0.10074205549175243
679	0.10051105156127169
680	0.10027870925728427
681	0.10004199674740599
682	0.09981456972654955
683	0.09958092931872925
684	0.09935619524597257
685	0.09912381350459876
686	0.09890174445315307
687	0.09867576247809937
688	0.09844966669260949
689	0.09822505159563638
690	0.09800179695560647
691	0.09778053788874196
692	0.09755764248833587
693	0.09733393064346348
694	0.09711830008279217
695	0.09690012734302224
696	0.09667827414917837
697	0.09646590400832228
698	0.09625092684344583
699	0.09603119319434505
700	0.09582215612932338
701	0.09560436197755345
702	0.09539213135865914
703	0.09518498795319814
704	0.09497514190450326
705	0.09476093803052055
706	0.09455260023804019
707	0.09434793941525965
708	0.09414240379342342
709	0.09393460877018099
710	0.09373016747735592
711	0.0935262673518263
712	0.09332185149017316
713	0.09311912975060077
714	0.09291663289807024
715	0.09271559126102397
716	0.09251546604751758
717	0.0923173988209506
718	0.09211735725208788
719	0.09192065409348349
720	0.09172418796176501
721	0.09152800409492881
722	0.09133117394958622
723	0.09113655052747888
724	0.09094414247968899
725	0.09074670663345621
726	0.0905578581719871
727	0.09036578672769507
728	0.09017516316083872
729	0.0899822696590225
730	0.08979644388411517
731	0.089604756254698
732	0.08942025007762332
733	0.0892301727523217
734	0.08904774962403278
735	0.08886102882264323
736	0.08867367881905455
737	0.0884923638529562
738	0.08830634446178158
739	0.0881263615877171
740	0.08794444274255898
741	0.08776469483321286
742	0.08758352267323903
743	0.08740302884462693
744	0.08722466746961602
745	0.08704307912028367
746	0.08686868617414023
747	0.08669093439262951
748	0.08651462289438591
749	0.08633980150238088
750	0.08616494656638024
751	0.08598989907213678
752	0.08581686792770528
753	0.08564087835778517
754	0.08547145284853283
755	0.08530005274075075
756	0.08512833105172671
757	0.0849557094109984
758	0.08478910097017642
759	0.08462007594863472
760	0.08445211330849822
761	0.08428430356219564
762	0.08411615535898799
763	0.08395032696509275
764	0.08378134372563581
765	0.08361610004661837
766	0.08345500021877811
767	0.08328972559622737
768	0.08312710057293836
769	0.08296360451947717
770	0.08280206546135815
771	0.0826396985804391
772	0.08247656298928795
773	0.08231929563202087
774	0.08215968799319699
775	0.08199713975352521
776	0.08183840237146255
777	0.08168270964567978
778	0.08152300168745855
779	0.08136834722892625
780	0.0812125706854904
781	0.08105656837662754
782	0.08090209690193101
783	0.08074645895438823
784	0.08059010422455123
785	0.08043978015695635
786	0.08028676501240349
787	0.08013129826903544
788	0.07998259017473722
789	0.07982828502070582
790	0.07967762288220764
791	0.07953015966550404
792	0.07937976061751147
793	0.07922858559336128
794	0.07908240729203991
795	0.07893197250006653
796	0.07878740733771143
797	0.07863750083694551
798	0.07849300714646941
799	0.07834506241798998
800	0.078201577976632
801	0.07805765544592322
802	0.07791268309933325
803	0.07776910457056879
804	0.07762579303550934
805	0.07748280991537707
806	0.07734012055821751
807	0.07719760475627983
808	0.0770542433605691
809	0.07691586533802958
810	0.07677541428338505
811	0.0766329653990632
812	0.07649602895693353
813	0.07635678990887931
814	0.07621793531200577
815	0.07607798352401375
816	0.07594041462065229
817	0.0758034026442424
818	0.07566969215681864
819	0.07553099638880661
820	0.07539706414722781
821	0.07525994351089033
822	0.07512735624136943
823	0.07499086501327581
824	0.07485709944031527
825	0.07472380361984679
826	0.07459105728184626
827	0.07446043896292802
828	0.07432915616990267
829	0.07419490961592638
830	0.07406567679165432
831	0.07393490710784695
832	0.07380484989287181
833	0.07367522130207638
834	0.07354620091914459
835	0.0734149069052668
836	0.07328868613026425
837	0.07315824794434733
838	0.07303065623981762
839	0.07290348689775505
840	0.07277890560670128
841	0.07265041159475169
842	0.07252663387533011
843	0.0724010563032026
844	0.07227616413064217
845	0.07215098295123283
846	0.0720270641779976
847	0.07190084851078526
848	0.07177926410741008
849	0.07165418357725092
850	0.07153324120306585
851	0.07141122736593063
852	0.07128927940470364
853	0.07116784897576078
854	0.07104683376038204
855	0.07092405733511492
856	0.07080569064185852
857	0.07068579635201531
858	0.07056585236361103
859	0.07044672967286122
860	0.07032796104254671
861	0.07020800210212959
862	0.07009208075067798
863	0.06997394753196129
864	0.06985534621196758
865	0.06974063467727579
866	0.06962341769244967
867	0.06950573992477553
868	0.06939161517181112
869	0.06927668535644253
870	0.06915971617939896
871	0.06904732558524836
872	0.06893229895283827
873	0.06881685301027048
874	0.06870517298708925
875	0.06859017750982192
876	0.06847924897986629
877	0.06836487998596809
878	0.06825272215239722
879	0.06814304451588085
880	0.06802962466891774
881	0.06791872385457053
882	0.0678093436784445
883	0.0676995115742732
884	0.06758739389283447
885	0.06747774347364568
886	0.06737028195841974
887	0.06725944383103098
888	0.06715272027985669
889	0.06704436002045816
890	0.06693623758999016
891	0.06682668617007352
892	0.06672082446853451
893	0.06661369309178357
894	0.06650730875901316
895	0.06640089563904074
896	0.06629486054345927
897	0.06618752632923697
898	0.06608348500572483
899	0.06597904715038334
900	0.06587237315138086
901	0.06576931388277141
902	0.06566385112937823
903	0.06556178214971484
904	0.06545831015971437
905	0.06535514919085933
906	0.06525244955757231
907	0.06514991238625976
908	0.06504768443641795
909	0.06494518477058649
910	0.06484410274238939
911	0.0647409293522283
912	0.06464181118999549
913	0.06454083072376801
914	0.06444073953944773
915	0.0643400375112887
916	0.06423897019136428
917	0.06414099591910317
918	0.0640402861525079
919	0.0639413459417231
920	0.06384428873044382
921	0.06374619017666183
922	0.06364635965404089
923	0.06354987294670043
924	0.06345119879932885
925	0.06335564090264487
926	0.06325833075630932
927	0.06316225369277263
928	0.06306583868782904
929	0.06296929039731478
930	0.06287235053327359
931	0.06277690295090842
932	0.0626828853146768
933	0.06258671827584736
934	0.06249329505038956
935	0.06239922700437049
936	0.06230529674465999
937	0.06221117167641978
938	0.062117869403267294
939	0.06202429069123229
940	0.0619298184541202
941	0.06183713803475134
942	0.061744683919947856
943	0.06165413992264493
944	0.0615619069537359
945	0.06147048199475254
946	0.061377375486355704
947	0.06128741418602651
948	0.061196670443273454
949	0.06110466043161256
950	0.06101424789753094
951	0.060925727717020664
952	0.06083555686171011
953	0.06074466757052539
954	0.060656383415669576
955	0.06056755393955545
956	0.06047728776131829
957	0.060389784835323645
958	0.06030032379728806
959	0.060213770987759596
960	0.06012586749237561
961	0.060038310601136916
962	0.059950724728278684
963	0.05986352041270166
964	0.05977528632740454
965	0.05969025218327105
966	0.05960230980441486
967	0.059516125996202804
968	0.05943169910223578
969	0.05934609854165978
970	0.059259091031304695
971	0.05917542638041741
972	0.05908897451994902
973	0.059004220591316936
974	0.058920809904247584
975	0.0588355502456102
976	0.0587526760986955
977	0.05866905648695894
978	0.058585454129480616
979	0.05850190092234431
980	0.05841762272953829
981	0.05833468216718475
982	0.05825204696108793
983	0.05816964423751834
984	0.0580887882919044
985	0.058005394687075676
986	0.05792485850655357
987	0.05784338712300867
988	0.057762037548406024
989	0.05768081282981517
990	0.05759968682958047
991	0.057518962550428786
992	0.05743863295148906
993	0.05735821291904933
994	0.0572784321542172
995	0.057198350026801396
996	0.057118713948476625
997	0.05703838684774127
998	0.05696018037503092
999	0.05688137691212908
1000	0.0568025647539081
1001	0.05672432269764896
1002	0.05664582158039041
1003	0.05656764210684046
1004	0.056489777429768295
1005	0.05641222163191368
1006	0.05633468327911921
1007	0.05625739927678803
1008	0.05618019761784226
1009	0.05610331337174075
1010	0.05602662253319393
1011	0.05595028706023255
1012	0.05587359983453898
1013	0.05579777865330543
1014	0.055721989074112105
1015	0.05564504142487989
1016	0.0555708166146074
1017	0.05549555251305889
1018	0.055419228866188296
1019	0.05534431011461777
1020	0.055270860413525316
1021	0.05519621002371089
1022	0.055121953355753504
1023	0.05504673161473153
1024	0.05497369639480597
1025	0.05489914126136105
1026	0.054826420932832284
1027	0.05475218711838284
1028	0.054680128056033825
1029	0.054607260237675384
1030	0.0545332895985771
1031	0.05446176834886334
1032	0.05438824279837544
1033	0.05431603043041519
1034	0.054244883595233384
1035	0.05417297692358087
1036	0.054100483061888104
1037	0.054028996490725706
1038	0.05395770934836585
1039	0.053886605413368094
1040	0.053815679394385016
1041	0.053744945962957834
1042	0.05367438221617331
1043	0.05360503741502159
1044	0.053533758591505644
1045	0.05346483908096525
1046	0.053394842151925276
1047	0.053325244102110675
1048	0.05325538182086202
1049	0.05318609878177883
1050	0.053116952463958464
1051	0.053046986306381445
1052	0.05297918134660283
1053	0.05291062023899326
1054	0.05284183445565442
1055	0.05277362892526107
1056	0.0527053029271274
1057	0.052637623080519155
1058	0.05256951136129902
1059	0.05250221507995491
1060	0.052434433485368255
1061	0.05236738995063014
1062	0.05229921145348261
1063	0.05223225731635134
1064	0.052166457038878275
1065	0.05209988732656063
1066	0.05203332783975069
1067	0.05196679646403991
1068	0.05190085322821385
1069	0.05183498480991115
1070	0.05176810973558898
1071	0.051703429936597656
1072	0.05163696941680727
1073	0.05157253375846434
1074	0.051507485999136945
1075	0.05144232938868954
1076	0.051377513720403695
1077	0.051312879298661865
1078	0.05124828294780659
1079	0.05118367679096728
1080	0.051119648190733905
1081	0.05105555097955218
1082	0.0509916511943504
1083	0.050927864189342816
1084	0.05086420269142667
1085	0.05080057848927239
1086	0.050737554504480115
1087	0.05067339500304417
1088	0.0506113489369741
1089	0.05054843562033514
1090	0.050485903153202255
1091	0.0504223134119267
1092	0.05035995835578845
1093	0.05029851166193394
1094	0.05023562059111123
1095	0.05017463051312296
1096	0.050112571133302544
1097	0.05005113936536508
1098	0.04998866570057483
1099	0.04992739232654477
1100	0.04986696449534213
1101	0.04980592901158201
1102	0.04974507932333376
1103	0.049683372157935723
1104	0.04962366727870253
1105	0.04956229333658563
1106	0.04950188168177622
1107	0.04944171073256165
1108	0.0493816278521455
1109	0.04932251256863129
1110	0.04926277772317211
1111	0.04920224593152982
1112	0.04914355902939008
1113	0.04908404712516419
1114	0.04902414043029847
1115	0.048965710109924565
1116	0.048906070530496566
1117	0.04884816165071093
1118	0.048788603237056485
1119	0.048730888809782984
1120	0.048672591371511725
1121	0.04861415363666305
1122	0.048555857494280916
1123	0.04849803030805026
1124	0.04843935786413623
1125	0.04838249761335366
1126	0.04832488905536274
1127	0.04826653000851998
1128	0.04820920512111255
1129	0.048152779476917935
1130	0.04809556702039197
1131	0.048038843997339035
1132	0.04798177817306497
1133	0.047925084786032565
1134	0.04786790023902077
1135	0.04781222891413289
1136	0.04775597890631815
1137	0.047699881002332634
1138	0.047642980207106805
1139	0.047587104718839354
1140	0.047531333559641
1141	0.04747653644397198
1142	0.047420161652632596
1143	0.04736476998790415
1144	0.04730954614162967
1145	0.04725522231054179
1146	0.0471999137882015
1147	0.04714517356446815
1148	0.047089667295415326
1149	0.04703556718436236
1150	0.04698111003759081
1151	0.04692665303332371
1152	0.0468722635388012
1153	0.0468180822539872
1154	0.046764131199163776
1155	0.04670955592380645
1156	0.046656371513698
1157	0.0466028203595546
1158	0.04654843990896923
1159	0.046495803120679066
1160	0.04644167583072893
1161	0.046388466926291345
1162	0.046336045957963666
1163	0.04628310762214115
1164	0.04623032612993044
1165	0.04617758020029651
1166	0.046124915838289045
1167	0.046071723309600354
1168	0.04601934606153974
1169	0.04596702216684592
1170	0.045915606731130744
1171	0.04586355467441915
1172	0.045810907648476486
1173	0.04575980654708414
1174	0.045708084236678506
1175	0.04565578505420658
1176	0.04560500525851561
1177	0.04555359403673839
1178	0.04550244158683909
1179	0.0454511822860841
1180	0.04539950752072519
1181	0.04534932192241879
1182	0.045298316984325404
1183	0.04524770059111291
1184	0.045196447525639775
1185	0.04514668359104254
1186	0.045095606430362846
1187	0.04504601602793212
1188	0.0449957466953035
1189	0.04494568152045266
1190	0.04489522360077185
1191	0.044845930522989345
1192	0.044795658409147204
1193	0.04474665124372332
1194	0.044696538303935135
1195	0.04464716096892314
1196	0.04459857702315857
1197	0.0445493059974114
1198	0.04450019222017785
1199	0.04445064019815227
1200	0.044402241745416224
1201	0.04435294932764395
1202	0.04430428420812907
1203	0.0442557523404785
1204	0.04420795155368975
1205	0.044159663623637796
1206	0.04411130731135779
1207	0.044063222849402506
1208	0.04401515219998994
1209	0.04396712588731501
1210	0.043918676650405886
1211	0.04387149644166738
1212	0.04382327404105301
1213	0.043776320165886715
1214	0.04372897605764502
1215	0.04368092791126224
1216	0.04363371120929905
1217	0.04358657441785464
1218	0.043539571881185346
1219	0.043493276830207796
1220	0.04344573168935297
1221	0.0433995630089885
1222	0.043352798437499784
1223	0.043306379698552874
1224	0.04325977984910527
1225	0.043213587171968916
1226	0.04316725709125177
1227	0.04312112331428248
1228	0.04307438819153722
1229	0.043028416404580216
1230	0.042983114756005365
1231	0.042937393714779
1232	0.042891062076715177
1233	0.04284601977227626
1234	0.042800514541503284
1235	0.042754569243866336
1236	0.04270985640589229
1237	0.0426644484675929
1238	0.042619483151111415
1239	0.04257443930866242
1240	0.04252885009952584
1241	0.0424840517979716
1242	0.042439250918791464
1243	0.042394587894235836
1244	0.04235002321051877
1245	0.04230553549018623
1246	0.042261612787013694
1247	0.042217412501265
1248	0.0421731157732628
1249	0.042128476364519024
1250	0.04208445425101453
1251	0.042040952101823736
1252	0.04199707110775004
1253	0.04195334210172917
1254	0.04190974781058522
1255	0.041865547819157606
1256	0.0418226580779652
1257	0.04177862556726483
1258	0.041735321732730306
1259	0.041692636554079864
1260	0.041649364672308814
1261	0.04160643672608441
1262	0.041563417581396644
1263	0.041520516600937744
1264	0.04147763207920926
1265	0.04143493628937916
1266	0.04139176625150385
1267	0.04134973258437654
1268	0.04130673483494862
1269	0.0412649790668677
1270	0.04122249862778372
1271	0.041179831187502625
1272	0.041137706574910976
1273	0.041096220281032755
1274	0.041054312288981765
1275	0.04101239849880579
1276	0.040970018013625306
1277	0.04092885031223775
1278	0.040887257166366944
1279	0.04084560557616608
1280	0.04080407963692179
1281	0.04076267771840257
1282	0.04072142895184358
1283	0.04068023982293408
1284	0.040638572432326756
1285	0.04059792489278611
1286	0.040557007718244185
1287	0.04051602760815578
1288	0.04047535135728789
1289	0.040434091875030324
1290	0.040393952071102524
1291	0.04035331548068413
1292	0.04031278802753736
1293	0.040271887217880595
1294	0.04023212402243399
1295	0.04019127782223364
1296	0.040151499322908686
1297	0.0401115300237547
1298	0.040071430662680256
1299	0.0400309924325188
1300	0.03999169453142368
1301	0.03995134077691994
1302	0.039911614402651875
1303	0.03987196881427561
1304	0.03983242786764572
1305	0.03979293839380779
1306	0.03975391601229221
1307	0.03971416441190451
1308	0.03967492286050019
1309	0.03963611871581586
1310	0.03959660077292225
1311	0.03955759003012541
1312	0.039518629639521345
1313	0.03947974774253818
1314	0.0394414447388339
1315	0.039402196371489964
1316	0.03936404587570794
1317	0.039325317420258424
1318	0.039286412204816046
1319	0.039248502203141813
1320	0.03921001424824838
1321	0.039171817386557374
1322	0.03913348859584957
1323	0.039095255500261404
1324	0.03905681074687516
1325	0.03901925879721092
1326	0.03898084934076794
1327	0.03894300586811988
1328	0.038905569999090645
1329	0.038867952222646815
1330	0.03882983935660729
1331	0.03879226172432819
1332	0.0387551208792245
1333	0.03871779223527963
1334	0.03868037399514354
1335	0.03864298872617618
1336	0.03860539466846489
1337	0.03856875636393797
1338	0.038531184517450454
1339	0.03849462545594129
1340	0.038457686040773764
1341	0.038420316999491784
1342	0.038384011381152244
1343	0.03834676861516888
1344	0.038310525194594935
1345	0.038273837263162365
1346	0.038237423373444615
1347	0.03820081584822399
1348	0.038164479509046945
1349	0.03812772219417651
1350	0.03809192023175205
1351	0.038055591040871924
1352	0.03801957259971564
1353	0.03798303540231187
1354	0.037947429419375095
1355	0.03791112881801262
1356	0.037875587327786876
1357	0.037839917506973915
1358	0.03780403149614747
1359	0.03776845546915783
1360	0.03773284249770011
1361	0.03769732795413867
1362	0.037661730046038476
1363	0.03762639640097021
1364	0.037590972273205625
1365	0.037555755913408456
1366	0.03752050697724617
1367	0.037484982096789965
1368	0.03744989309455188
1369	0.037415324745925446
1370	0.03738024376099427
1371	0.0373453479610479
1372	0.037310571192023904
1373	0.037275850871768254
1374	0.03724114254200961
1375	0.037206497168484516
1376	0.03717186299580505
1377	0.03713728278549044
1378	0.03710250300025875
1379	0.037068508960466914
1380	0.03703409404977116
1381	0.036999966633535185
1382	0.03696567423162507
1383	0.036931584434844615
1384	0.03689749987786719
1385	0.03686304927625675
1386	0.036829455923038185
1387	0.036795615335634954
1388	0.036761336366531366
1389	0.03672799353684765
1390	0.036694213290722075
1391	0.03666020963060785
1392	0.03662659724779524
1393	0.03659306406162635
1394	0.03655957485299715
1395	0.03652659150546138
1396	0.03649312142943703
1397	0.036459819417642106
1398	0.03642628372561364
1399	0.0363930890384853
1400	0.03636035791670547
1401	0.036327318102332994
1402	0.03629430936065173
1403	0.03626137188401443
1404	0.03622808438973961
1405	0.036195541555034884
1406	0.03616286875546854
1407	0.036130116013706706
1408	0.036097388727355226
1409	0.03606448346012616
1410	0.03603193357160664
1411	0.03599986765268941
1412	0.035967379005167374
1413	0.03593505829859299
1414	0.035902345675940785
1415	0.035870093178057935
1416	0.035838257307294986
1417	0.03580615317971786
1418	0.03577365455180549
1419	0.03574165004127502
1420	0.03571005187037868
1421	0.035677757016156685
1422	0.03564588435286256
1423	0.03561439877597578
1424	0.035582702864257826
1425	0.03555098373505211
1426	0.03551935890911798
1427	0.03548736978662867
1428	0.03545583975941929
1429	0.03542470326102795
1430	0.03539294736830355
1431	0.03536196817952286
1432	0.03533026060090695
1433	0.035299007443629474
1434	0.03526817696817096
1435	0.035236642756578965
1436	0.035205889771691555
1437	0.0351747732996019
1438	0.035143864746297306
1439	0.03511292079872498
1440	0.03508196856974638
1441	0.03505118963777233
1442	0.03502037246534577
1443	0.03498963751695662
1444	0.03495895570839247
1445	0.03492832564981548
1446	0.03489740572711332
1447	0.03486727739252874
1448	0.03483642744914131
1449	0.03480638669891403
1450	0.034775644285137346
1451	0.034745731034430294
1452	0.03471545231730162
1453	0.0346852189303469
1454	0.034655083753444706
1455	0.03462494125535528
1456	0.03459485247469135
1457	0.03456480724888485
1458	0.034534912009776444
1459	0.03450501876177676
1460	0.034474817862151605
1461	0.03444535254709593
1462	0.034415533119870376
1463	0.0343855708071045
1464	0.03435618256857729
1465	0.034326329375479615
1466	0.03429702923717115
1467	0.03426761177885668
1468	0.034237799728234104
1469	0.034208393155514126
1470	0.034179400950590376
1471	0.0341501019914583
1472	0.03412080440010122
1473	0.034091606404590274
1474	0.03406248563820342
1475	0.03403331363319888
1476	0.034004232501885064
1477	0.03397517882451964
1478	0.03394628867351072
1479	0.03391705932783472
1480	0.033888501353695755
1481	0.03385964291474598
1482	0.03383090736243136
1483	0.03380184689751705
1484	0.03377348997582937
1485	0.03374454354051511
1486	0.03371626383527371
1487	0.03368776562193238
1488	0.033658940338262666
1489	0.03363084485423497
1490	0.03360209796886776
1491	0.03357376386714935
1492	0.033545804466927565
1493	0.0335174527597329
1494	0.033489012951344974
1495	0.033461141029561624
1496	0.03343302101119116
1497	0.03340464849588174
1498	0.03337662928944079
1499	0.033348925827171166
1500	0.033320997219251525
1501	0.03329315224293301
1502	0.03326522150077487
1503	0.033237511381994704
1504	0.03320943200459228
1505	0.03318173788994178
1506	0.03315438471979698
1507	0.03312647651746872
1508	0.03309923517837768
1509	0.033071691499562364
1510	0.03304419195487446
1511	0.03301677292419168
1512	0.03298937962071974
1513	0.03296199289653666
1514	0.03293464592242423
1515	0.03290737570823644
1516	0.03287992968624535
1517	0.032853059265531157
1518	0.032825866466929025
1519	0.03279878335950296
1520	0.03277182831101863
1521	0.03274482489959304
1522	0.032717820140510494
1523	0.032690663767367116
1524	0.032664080363054494
1525	0.03263696908034023
1526	0.03261045959159961
1527	0.03258344046153483
1528	0.03255706723811603
1529	0.03253010342359839
1530	0.0325037563803883
1531	0.032477237904306205
1532	0.03245069605644589
1533	0.03242415328671943
1534	0.032397712711985785
1535	0.032371387195568924
1536	0.03234503086951307
1537	0.032318716469145886
1538	0.03229215682197749
1539	0.03226617372320328
1540	0.03223971653016354
1541	0.03221387871619713
1542	0.032187477907511745
1543	0.03216163420522159
1544	0.032135387873230094
1545	0.03210971235449996
1546	0.03208347284825879
1547	0.03205756363051557
1548	0.032031961376861824
1549	0.03200589169812046
1550	0.031980420212583086
1551	0.03195438462716464
1552	0.03192898288298188
1553	0.03190332542447824
1554	0.031877421717643586
1555	0.03185209304307221
1556	0.031826546656009556
1557	0.03180101937720904
1558	0.031775340429190765
1559	0.031749948260015794
1560	0.031724836680519355
1561	0.0316994646091067
1562	0.031674211734788654
1563	0.0316488757818745
1564	0.03162368548457761
1565	0.031598535565147426
1566	0.031573129088139425
1567	0.03154823931160796
1568	0.03152323104285508
1569	0.03149822323836046
1570	0.031472949216581184
1571	0.03144826060322299
1572	0.03142339164320351
1573	0.031398229729303756
1574	0.03137369054107028
1575	0.03134889715087162
1576	0.03132386702568749
1577	0.03129935451043795
1578	0.031274725402361384
1579	0.03125003582696215
1580	0.031225230655197726
1581	0.03120091988711
1582	0.031176134890130602
1583	0.03115191589694839
1584	0.031127204628844697
1585	0.031103054895800623
1586	0.031078661664533012
1587	0.031054329796292947
1588	0.031029777330094585
1589	0.03100576484555496
1590	0.03098155976823775
1591	0.030957112835691154
1592	0.030933207896067755
1593	0.030908832742751177
1594	0.030884955835452338
1595	0.030860983214457925
1596	0.030836710751969944
1597	0.030812985701269117
1598	0.030788810505569645
1599	0.03076514064918619
1600	0.030741245595539722
1601	0.030717237370895226
1602	0.030693441665828675
1603	0.030669693692661665
1604	0.030646169261964996
1605	0.030622490960602405
1606	0.030598646632776977
1607	0.030575265351954827
1608	0.03055174048002801
1609	0.030528203175577195
1610	0.03050470133518438
1611	0.03048120702049295
1612	0.03045752912532647
1613	0.03043437289771382
1614	0.03041096342348675
1615	0.030387682803017423
1616	0.03036439892081963
1617	0.03034090299491861
1618	0.03031789949194249
1619	0.030294495863677336
1620	0.030271565938820626
1621	0.03024843532442884
1622	0.030225405914834025
1623	0.030202093794799843
1624	0.030179072936991295
1625	0.030156312005700795
1626	0.030133394344205314
1627	0.030110431587708854
1628	0.030087356672072713
1629	0.030064707830462944
1630	0.030041722007294998
1631	0.030018941995120514
1632	0.0299963798501329
1633	0.029973741946855002
1634	0.02995103995402646
1635	0.029928354349309128
1636	0.02990557525314477
1637	0.029882993853576102
1638	0.02986069919340044
1639	0.02983817834139594
1640	0.029815716573075655
1641	0.0297932540527251
1642	0.029770623881399484
1643	0.029748432898914795
1644	0.02972589901452155
1645	0.029703817343953852
1646	0.029681312773687723
1647	0.029659322702197392
1648	0.029637066793838856
1649	0.0296148608847992
1650	0.029592716484394203
1651	0.02957060023123404
1652	0.029548566019622607
1653	0.02952646795543324
1654	0.029504496163101496
1655	0.0294824626414752
1656	0.02946033118210662
1657	0.029438644733517275
1658	0.02941651803175027
1659	0.029394665280759187
1660	0.029373012523997682
1661	0.029351220829409892
1662	0.029329477639518584
1663	0.029307756190159677
1664	0.02928608325793107
1665	0.029264176406174423
1666	0.02924277857940634
1667	0.02922117449299333
1668	0.029199370951936233
1669	0.02917782138683183
1670	0.0291563279789182
1671	0.029135058416302664
1672	0.029113590864467756
1673	0.029092136458380404
1674	0.02907075072057781
1675	0.0290494504584216
1676	0.029028062432931517
1677	0.02900681614599178
1678	0.02898534458535746
1679	0.02896432727601403
1680	0.028943101945260286
1681	0.028921919856048087
1682	0.02890058776832976
1683	0.02887969002299698
1684	0.028858574213504507
1685	0.02883733147876547
1686	0.028816469636871636
1687	0.02879547574550169
1688	0.02877454485534507
1689	0.028753416657430798
1690	0.028732515130878614
1691	0.028711652582943174
1692	0.028691020473343806
1693	0.028670217519448378
1694	0.028649385491012057
1695	0.028628676431767017
1696	0.02860772155456956
1697	0.02858718555987933
1698	0.028566557497678984
1699	0.028545729400153336
1700	0.028525329210082537
1701	0.02850469605507823
1702	0.028483978810117678
1703	0.02846367504990032
1704	0.02844296546406341
1705	0.02842268796405159
1706	0.028402281127954003
1707	0.028381662082411503
1708	0.028361498235657662
1709	0.02834113100048795
1710	0.028320613162222168
1711	0.02830032776334182
1712	0.02828006380601742
1713	0.028259831937002433
1714	0.02823981651341107
1715	0.028219446134261313
1716	0.028199453821480848
1717	0.02817917430597576
1718	0.028159287785667154
1719	0.028139222519559588
1720	0.028118976518611578
1721	0.028099120212699454
1722	0.0280789827275664
1723	0.02805918331372936
1724	0.028039098155597915
1725	0.02801920740490367
1726	0.027999509861604325
1727	0.02797948673527513
1728	0.027959672521309653
1729	0.027940062321736354
1730	0.027920122556880384
1731	0.027900581142337233
1732	0.02788083889862435
1733	0.027861155363835995
1734	0.027841352174222456
1735	0.027821930786477364
1736	0.027802333002742798
1737	0.027782737239429343
1738	0.027763199118924844
1739	0.027743701786482326
1740	0.027724001877215097
1741	0.027704554753039564
1742	0.027685311272488654
1743	0.02766584850440277
1744	0.027646519210362153
1745	0.027626963061387795
1746	0.02760762671685084
1747	0.02758852753239569
1748	0.02756922115837656
1749	0.027549995864983124
1750	0.02753076047156232
1751	0.027511582503986158
1752	0.027492198898569648
1753	0.02747320735079062
1754	0.027454124246171573
1755	0.027434987670650984
1756	0.027415960147994894
1757	0.027396875765769498
1758	0.027377885599886357
1759	0.02735890734611201
1760	0.027339760744038898
1761	0.027321015989438768
1762	0.027301913739016366
1763	0.027283170266675955
1764	0.027264345002441036
1765	0.027245507145131794
1766	0.02722667522012932
1767	0.02720791952325017
1768	0.027189137114451707
1769	0.027170377482119205
1770	0.027151703464446952
1771	0.027132835011891836
1772	0.027114362101310262
1773	0.02709555029702181
1774	0.027076943890081882
1775	0.027058364739035543
1776	0.027039805869976678
1777	0.027021282185217904
1778	0.02700295391241081
1779	0.026984461598009185
1780	0.026965824987998065
1781	0.026947550674061436
1782	0.026929119708373465
1783	0.02691077730207102
1784	0.026892240455097215
1785	0.026874074907414773
1786	0.026855749021970368
1787	0.026837299484862298
1788	0.02681903714519862
1789	0.02680095801077324
1790	0.026782588320128073
1791	0.026764392754382818
1792	0.026746385999983767
1793	0.026728086054586347
1794	0.02671015611332372
1795	0.026692036264594432
1796	0.0266739915662752
1797	0.02665576711667262
1798	0.026637744539188102
1799	0.026619751648662676
1800	0.026601779642494335
1801	0.026583830723497043
1802	0.026565905104616608
1803	0.026548007347956586
1804	0.02653013673711218
1805	0.026512437354553164
1806	0.026494622470993184
1807	0.026476628874121298
1808	0.026458845929534937
1809	0.02644122271705051
1810	0.026423526035303044
1811	0.026405796455706926
1812	0.02638793819967115
1813	0.02637045141087089
1814	0.02635279767195379
1815	0.02633518601270561
1816	0.026317586952404444
1817	0.02630000711190153
1818	0.02628228132686694
1819	0.026264755960434705
1820	0.02624724931731382
1821	0.02622991400893733
1822	0.026212474139325453
1823	0.026194865100802368
1824	0.026177444976938517
1825	0.0261602220026494
1826	0.026142686289016694
1827	0.026125515397155342
1828	0.02610817798625733
1829	0.02609071611519075
1830	0.026073563100187085
1831	0.026056299454326318
1832	0.026038944002526473
1833	0.026021728731622153
1834	0.02600453806072337
1835	0.02598753996926653
1836	0.025970393429617624
1837	0.025953223612502574
1838	0.02593600407875033
1839	0.025918920124646774
1840	0.025901989463570817
1841	0.025884950307366976
1842	0.02586796687517107
1843	0.025850817114870223
1844	0.025833854584891257
1845	0.025816903036222808
1846	0.02580009750155201
1847	0.02578322700943621
1848	0.025766306454888678
1849	0.02574948655470098
1850	0.025732646561477016
1851	0.025715828418346
1852	0.0256988688080541
1853	0.02568209790879708
1854	0.025665506170224374
1855	0.025648612229954834
1856	0.02563203964619072
1857	0.025615363647220307
1858	0.025598686856570796
1859	0.025582037453520036
1860	0.025565265921672388
1861	0.025548780855935874
1862	0.025532235120707993
1863	0.02551563012094952
1864	0.02549897253604167
1865	0.02548261073487102
1866	0.025465953682551862
1867	0.025449592066620997
1868	0.02543301715082842
1869	0.02541657791106615
1870	0.02540031929751393
1871	0.0253839312553506
1872	0.025367515694318547
1873	0.025351042942135235
1874	0.025334708638263495
1875	0.02531852058453836
1876	0.025302250565524126
1877	0.025285966479076143
1878	0.025269739849042898
1879	0.025253355964847058
1880	0.025237300649527693
1881	0.025221111037122053
1882	0.025204928021930688
1883	0.02518864416779166
1884	0.025172653786066094
1885	0.025156519444556612
1886	0.0251403140813314
1887	0.025124360565222097
1888	0.025108201666849298
1889	0.02509230417488189
1890	0.025076160166743966
1891	0.025060174279457084
1892	0.025044324345086758
1893	0.025028260044343022
1894	0.025012471835555595
1895	0.02499643006162549
1896	0.024980680984161393
1897	0.024964828103437794
1898	0.024948938270130436
1899	0.024932996123576898
1900	0.02491718559633785
1901	0.024901404373606786
1902	0.02488574622070782
1903	0.02487001840606859
1904	0.024854157627124843
1905	0.024838577579255887
1906	0.024822756247981796
1907	0.024807080447373068
1908	0.024791435736500896
1909	0.02477593247621015
1910	0.02476029346233071
1911	0.024744593438697983
1912	0.02472916089803475
1913	0.024713453574203587
1914	0.024697921340880422
1915	0.024682514417419546
1916	0.02466703069250987
1917	0.02465157326723973
1918	0.024636110794446386
1919	0.024620662153599454
1920	0.024605108047902162
1921	0.02458984564297519
1922	0.024574460397716377
1923	0.024559058595591862
1924	0.024543598418044967
1925	0.024528271726860312
1926	0.02451309814393469
1927	0.024497819251204103
1928	0.024482399955616206
1929	0.024467260049633302
1930	0.02445206128648016
1931	0.024436826012480758
1932	0.024421501401145115
1933	0.02440646054030454
1934	0.02439128923394389
1935	0.024376128529808094
1936	0.02436102742365962
1937	0.02434593282186219
1938	0.024330706297421446
1939	0.024315643998581465
1940	0.024300693035628828
1941	0.024285697024614777
1942	0.024270648782853843
1943	0.024255548264061184
1944	0.024240691315902785
1945	0.02422571722380927
1946	0.0242106704981399
1947	0.024195754862764277
1948	0.024180984923348185
1949	0.02416607578599955
1950	0.024151091241020314
1951	0.024136237948671882
1952	0.024121412310149273
1953	0.02410672795771688
1954	0.02409179578394855
1955	0.02407715178448048
1956	0.02406225957155845
1957	0.024047520087801255
1958	0.024032929524019427
1959	0.024018214717933986
1960	0.024003396057485225
1961	0.02398882469710502
1962	0.02397406168363549
1963	0.023959570716706773
1964	0.023944808092079273
1965	0.02393031999510903
1966	0.023915621461718457
1967	0.02390118301193941
1968	0.02388663787206267
1969	0.02387211100296932
1970	0.023857454354324917
1971	0.02384296009704998
1972	0.023828576045126497
1973	0.023814130102563613
1974	0.023799697768928423
1975	0.023785267725051414
1976	0.023770719250551776
1977	0.023756460373333906
1978	0.023742063029375052
1979	0.023727713738493725
1980	0.023713355803235414
1981	0.02369901166623428
1982	0.02368460493414281
1983	0.023670422466890235
1984	0.023656154588091352
1985	0.02364177658645153
1986	0.023627536610308995
1987	0.02361342532461957
1988	0.02359910701513525
1989	0.023585040670591605
1990	0.023570833559320627
1991	0.02355669549487325
1992	0.02354243078170406
1993	0.023528423642947764
1994	0.023514200449687703
1995	0.023500205525012464
1996	0.023486039809637198
1997	0.023472071275143266
1998	0.023458029056316363
1999	0.02344390832091768
