-0.03274330094911108 526.4554182135046 -421606.79981447855 187.5582504579166 +11.3260826 
-0.032780658282688904 712.8298842359931 -519549.6584509048 198.90366869278324 +11.9772856 
0.02967119058909591 584.7659435621608 -191764.92344952183 153.91629894958078 +22.4268500 
0.028833966521452536 1024.3673295994588 -402168.3475778702 135.49081712130805 +15.9234924 
0.0031915176172222616 938.0116521842658 -1285163.111401765 -99.86964112163724 +45.7926553 
-0.029865993564668555 623.1834069161661 -1065098.515692894 -24.91497765917694 +45.4250224 
-0.02284615311944131 424.6849454255105 -978455.6966724205 -50.06875315612045 +47.2064831 
-0.042442876939272955 636.7189230223463 -925076.2731482706 -186.87612108722027 +59.3398970 
0.022127979036239198 1411.3609058682055 -84118.99530098443 192.3766556542836 +9.9043703 
-0.0031522622720759168 -76.99442056541297 -1206575.2190300832 -132.95850150396126 +50.1324613 
0.0047615416219191934 1513.774628185477 -349075.36692422733 91.35015528176702 +17.2681316 
-0.0661890783092753 1765.7420074162349 583759.2449745894 22.549862943513215 +48.9443741 
-0.028006902398087657 2601.517255055771 1160533.2768114228 180.52002305068376 +12.8923414 
-0.0797054550807439 2295.8406847190536 981870.0447289605 -55.96221150186615 +36.6416200 
-0.09154517309168718 952.8495373055297 -1326808.6756434108 -160.42168758893257 +54.4849930 
-0.07319277449139627 2015.56468672604 1173491.5417141276 233.1933637158961 +8.3300738 
-0.08132457059642165 2014.3502776201635 421894.36330205767 -61.404493338221606 +42.5570662 
-0.057094085992327195 2200.393571486748 1535877.4135368557 101.58162005379562 +3.6847822 
-0.16004438826963865 3098.2049398852632 795059.5415165863 -2.099366599102504 +46.2254057 
-0.10258039098738296 2724.4893225603396 693488.2124470556 -106.21022255452117 +33.3983872 
-0.07895018045376441 2171.962393450601 586025.7994300269 -132.63268971008088 +45.4241281 
-0.0762774117277636 -29.122577553650217 -756974.8757506895 -38.79413887664199 +41.6939998 
-0.0928932972144775 2596.0147487470654 763433.5334638632 -37.45015093479149 +41.5685865 
-0.1077521598979006 818.1502073601617 -1275486.3200469709 47.15909675282534 +47.8855583 
-0.1139666517050615 2221.5596136880968 380316.5588306843 22.78931360724757 +48.1133718 
-0.12348068031724072 2239.0549460645143 317754.1291525045 -38.92004576965051 +48.5140254 
-0.034017692904851786 1210.2202475310721 -1374302.818639201 -149.20518957371678 +51.7727943 
-0.11505105270279445 2086.3967666340345 897905.2031401122 -42.370824822881275 +34.2911780 
-0.026209775726831627 2534.1395039137756 1568772.6706739513 117.88617358461715 +6.6307581 
-0.07213146224615555 2716.7677229308597 1565527.4293679635 169.40022442091188 +5.6907352 
-0.0456815880559075 483.696290596196 -1154006.017300065 48.95499148396224 +53.9520253 
0.03262704215815291 857.9014619254598 -713865.0656634975 94.87573638840334 +17.1853373 
-0.04776318200218734 1308.699777441851 -1020584.3313879106 -43.50198781094933 +60.0772774 
-0.05783854195336619 2219.822639797434 567431.2751457379 -34.605146432001604 +46.1121764 
-6.497116894485863E-4 861.124524598225 -438861.6764726373 -13.156350092956542 +17.0098002 
-0.10841190871911444 369.75715135128803 -1203946.7021301747 -118.81872625890205 +52.7914963 
0.004084096634022507 1315.8395263228165 -416173.9731242612 68.81094409754749 +19.6527836 
-0.10688239051424427 2445.079913154494 768002.3769124307 53.94917652665124 +45.9057052 
-0.045580412874532024 871.0545740340909 -1236974.6021399684 -130.33162570490683 +55.6997075 
-0.030327422506521023 2268.945921813639 1701094.6149198415 163.70707299880917 +6.4167308 
-0.0455461593481074 606.4737883034074 -1328239.5753055268 114.53985775108 +47.9582082 
0.0014340817172959386 1513.181323744613 -118652.84814478034 122.67633391510083 +10.2334388 
-0.02126044260736934 1335.2004125980463 -702044.1676147811 112.2756470626866 +12.3524424 
0.019760756678446578 972.6644250698741 -434443.042664947 201.93023995682995 +8.4306068 
0.015184304678778836 917.0141428846288 -794982.1688551739 118.40824625645313 +11.2729681 
-0.10555242031386802 1909.876098004032 373478.716228542 20.079798154891765 +45.0638197 
-0.042989091174368124 527.8598378799782 -1113993.8244358087 -15.344560036195595 +49.4641297 
0.0042037830105779135 1633.2524299163267 -385093.52090289973 110.76069248292073 +18.1817673 
-0.1240220155461274 2023.1391357976395 834478.0076664612 20.805810708440056 +52.9120177 
-0.04211008852266968 894.1317466160139 -1057219.147168357 161.74339092910284 +44.6251171 
-0.0696038914051457 2651.790274913562 1614739.127751016 42.09538758870768 +1.9286996 
-0.1234397167616827 1875.7559932989589 460121.331785022 -154.91287282809688 +41.9874254 
-0.12358033708936138 2120.8048816612904 1318900.3088044743 -276.5043464511729 +48.2132938 
-0.03989035282852416 376.73028951746886 -1003420.0055975139 -106.80758413302681 +46.3205413 
-0.0944882856536873 2945.668303034762 811617.6416429692 -140.38680533593782 +45.2952698 
0.015419155698447025 948.8516108994451 -435822.45341584133 64.99106756931768 +8.1862596 
0.021365491965299365 2227.4219978698707 1604672.6277234654 25.16638204585827 +14.0995447 
-0.04699770277183362 1216.9812143865488 -296218.648659859 128.08487165665784 +16.7074655 
-0.09879915001105094 1022.2180545559041 -840052.52355155 -6.870665053883986 +68.5016817 
-0.04346740125440639 1345.2013764342553 -1153010.7622200113 6.445642154310768 +45.3422550 
-0.11749746680208963 2401.602809005396 672970.3430320284 -67.8999789395874 +48.4261419 
0.038177576024327475 824.5347115231357 -453545.16579005256 189.2648518744759 +9.5104304 
0.02945050766754794 1051.7482469389463 -594253.4012747954 132.1080684351729 +10.7583524 
-0.05718308040534242 2451.08738273464 1503159.9088049293 159.2221733532085 +12.1123370 
0.007477049102533263 969.8434807250405 -246015.0069645246 142.97428290342188 +8.6393856 
-8.889504652722128E-4 935.8003746979379 -306672.3062347089 168.0832494586552 +13.5617029 
-0.07315197840744726 514.8765454262909 -1545884.032546006 -89.37388141627515 +48.5297835 
-0.03458067663039343 2854.1579874870986 1322310.4310703797 74.8767263690964 +14.3136276 
0.01618232382059674 1575.3183037168037 -232813.7246679602 129.3509852059436 +10.8859595 
-0.1121413898034958 2852.5273375394227 1161877.2378742152 -65.57404115855579 +45.0374340 
-0.021216062630988023 414.48264442309426 -952263.6547082786 -20.585192414149454 +39.4412522 
-0.1439545869306198 2709.041929438994 770365.7457964151 -52.37278622854916 +49.9722199 
0.07157311190179586 1226.12658263851 -250696.98891434987 175.80411521954238 +9.1627467 
-0.12862536348619832 2776.9513479534544 1326098.0134766314 129.67281734321804 +9.8821261 
0.03648063086956694 702.5629278551279 -535711.827036545 187.2813674170799 +7.0929322 
-0.10063336606131043 2408.186394544961 759994.4316648503 -92.46960797352016 +42.8039990 
-0.087276355272953 581.3584939169981 -862722.8291633726 -7.170917051398278 +41.0746160 
0.005696881722880559 1126.914222933325 -278195.8801088666 87.26135502591231 +5.8080378 
-0.01617096924550748 2341.2113971645917 1368207.7448220158 210.63274574118475 +7.0262806 
-0.030769536389470414 220.36082782064267 -1145000.519394412 22.774442452998212 +55.0234784 
-0.010877269838874016 73.3268561372711 -1172920.5998368054 -108.08318025611594 +50.3351832 
0.00857990547157647 1136.737471850932 25814.675730253988 42.19915003476355 +10.1580053 
-0.020196160532262603 533.6237139532105 -63063.17647773793 155.92306753316134 +17.7418782 
-0.0475405452452012 2718.921604868702 1967215.9399843786 58.93372039939781 +10.4918488 
-0.09713113278554927 461.75125434251134 -748465.1914253056 -150.6029895543813 +52.8603338 
-0.1373758108795923 2447.8432713207335 349980.4968457975 -53.88665645331768 +32.9675807 
-0.1298553977951056 2642.438660770101 587257.163518806 24.822044009965357 +54.7609492 
0.053344340843258495 929.6756517152534 -338065.8770212355 203.5645768582087 +13.7986778 
-0.14999729752605667 2134.4909955531457 603721.5888225725 -97.72814327377719 +40.6936745 
-0.012194076770783949 695.4375556615079 -472357.9161631443 113.91539098592291 +1.6936837 
-0.06758368138594624 2750.0857673404753 1195248.7916992786 78.64145938860048 +10.7756634 
-0.055125434899147605 684.9473714236482 -1456328.4073432332 -64.92563006468173 +46.0775854 
0.003967670371455362 966.8733047769758 -342500.67526065704 76.99492164936036 +2.3950973 
-0.07669999842110523 2019.2549361370873 51328.212229238205 9.882479500432755 +56.6800241 
-0.07207692232549573 876.0694008678561 -1119186.2036389154 -106.37362083714893 +49.0378472 
-0.11650955178068055 2605.822651940942 733112.8596173171 35.806493744030725 +40.2316811 
-0.05373967432343111 711.6805753121519 -1098980.6608445866 -195.02849743625322 +45.5195885 
-0.02725825964682401 605.0691780068253 -268367.1136717745 184.85423792275824 +5.2837441 
-0.058918477041526175 2706.6242313169005 1758812.0410361576 187.84644546057942 +3.8271759 
-0.07091288299530293 212.9229969934318 -1230605.2432084426 38.12106055071939 +46.8142627 
-0.02994742942573153 460.5770999612022 -813882.6090792572 -165.58164985633533 +54.1566502 
-0.036222501296249675 2748.8447335627848 1524882.3445356814 84.10849697577976 +10.5531045 
0.05604991167507273 1132.3452270655198 -583663.7327156008 225.37722224653442 +18.5347729 
-0.045623587055328645 3610.1512940287366 1420447.7386803045 161.62214233664412 +11.8941519 
0.002751134274232382 2125.490156695074 1690313.2394557376 74.49367981042397 +8.9603355 
-0.07369879554033477 1184.3940934702553 -1206203.7532520073 -147.74339789507945 +44.8993881 
-0.07355184478583643 2022.45245437532 428857.5052918398 -73.49026416823409 +42.7169193 
-0.03216763404038221 2876.737440741703 1464306.089669439 246.1593873771241 +9.0985364 
-0.06407978455886915 2736.916451672626 1395699.8215378572 221.71227201648026 +13.1990740 
0.04207864851927603 738.9873534252949 -190626.59248922564 58.777119621056144 +9.0678922 
-0.025567845884813933 812.6737220612591 -1253134.6797417982 -41.47239982475447 +53.4880858 
-4.394678315274217E-4 614.4657967417228 -969784.3461182169 -15.815273376949635 +51.8381373 
-0.031683618760864486 2191.8018566130936 1442985.611143853 81.72902746538922 +9.3507365 
0.0869916535376766 471.1415981696723 -122771.68558355808 144.39893726754113 +14.2858789 
-0.10559167565901437 1631.136356283327 569796.0088035867 154.91390185885967 +39.8993885 
-0.020607917394889787 2337.2519462687287 1569290.7213036043 165.18165932875874 +3.7138414 
-0.03327167387546225 2423.223440472027 1288672.758862654 140.07981484665427 +7.0869670 
-0.059657752547460516 -46.344165094334365 -1042905.4740055623 -67.81699258774945 +55.6722118 
-0.01232885792169597 2117.9822216454813 1553690.8833730377 83.48312289317592 +9.6801837 
-0.10313331525161151 2191.7446675805586 722221.9860923318 -15.945078784353393 +53.6080574 
-0.007569605078432922 434.1613428607939 -336693.9193129345 94.78731350844944 +16.5827587 
-0.0780486584530443 1864.2897193624688 465899.83753979823 -126.74203445888615 +47.5290993 
6.756586240675011E-4 1708.0794814637247 -310220.7527140545 48.360318663256145 +5.8272021 
-0.15059924631262242 2332.100723592368 301355.7482610343 27.40658939301783 +42.5162549 
-0.1592036361334327 2078.2778779727037 748003.4314571212 -89.82775406002955 +47.5685278 
-0.004213786648021352 2142.942200151031 1318858.6957224766 188.3633951082953 +9.5409284 
-0.09054191767089498 429.40240517593713 -1258914.1245611599 77.71760368398823 +40.7542849 
0.006630736908908914 994.9321027821093 -1122039.46373585 48.22927399299826 +43.8778874 
0.04293429446390787 1091.2338584481204 -124724.57994658606 168.6812269803056 +4.9869187 
-0.10795840676675397 2379.8522631198575 1022415.4635065707 -137.111769246206 +48.2214658 
-0.09167626986720151 413.4882542340529 -1369179.3386047306 -67.60326769308485 +46.4925000 
-0.09571721464997526 2101.669892064573 566552.216787276 24.13544075283433 +44.8358077 
0.0187885504939604 1467.338833552348 -203669.07583417115 207.82915327210313 +15.6870747 
0.0012908823268388808 919.7030123359916 -379842.89465377125 133.80616098445708 +30.1930924 
-0.07054432264302024 2337.0003145255755 1485627.1879776514 78.66160109826212 +8.7246988 
-0.06017557476244558 2635.1501250894903 944487.0542817602 114.04514106909213 +3.4421960 
-0.16080113664677725 1868.4062494676934 578207.5796610803 -95.12176325948558 +47.4866694 
-0.05430729143015472 3353.548902569457 1371696.9175447263 274.5113204074567 +13.2032265 
-0.07533912412648408 1062.567236342196 -1203538.6597864944 -94.19015478547051 +55.0387949 
-0.04617561813764259 1036.7375873960577 -1204166.3055137033 -32.22303611148146 +52.1413932 
-0.10063492912966097 1957.0820065036116 1691597.2224634564 188.89360044261136 +1.8532004 
-0.04285203240957389 930.9849151859258 -1225275.9045657597 -69.27213429339282 +40.2055385 
0.02174451371075673 839.2310696747182 -271253.52587879164 181.2091933522983 +17.7618311 
-0.06881540157571728 1077.8365173988807 -757381.0681371362 -157.9867389361266 +43.5502830 
-0.0874643589012008 2458.280301530021 340378.8118765494 -31.61966632110273 +63.6677066 
-0.07883683566880262 412.2581022583869 -1596689.073113385 -64.72702712746316 +42.2542259 
-0.02141153549299661 2638.956341149845 1109398.543188945 224.5477054266915 +8.7171121 
0.048301558565981964 499.5534749073387 -834570.9594093466 131.95409371383164 +12.8653493 
-0.013698998978681013 2059.7290124160986 1367583.435904301 53.11322365418803 +16.2755222 
-0.0992906233595555 1745.3455707343808 875879.5215432035 -58.986182526888605 +51.1780122 
-0.045330701540759806 -43.77990419052787 -1097623.9754566604 -16.82634958148472 +43.2935364 
-0.09335772948051779 1984.8759398588973 477486.5547924044 -48.408782692729496 +49.3332805 
-0.051491993200132785 1219.786034601376 -809078.5737750425 -10.535744373818753 +48.0230337 
-0.06861718217932132 1130.0325184756548 -1585168.2187205886 -56.671139931782726 +46.8974715 
-0.053772699724723184 905.870621607586 -744180.8939367826 -51.63512607948512 +58.6508307 
-0.1686240704457365 1695.4426751179863 510338.13916584477 -47.674154311719285 +49.2105062 
-0.020376292994888065 2528.4015853069773 1749750.2994222655 69.09530697489654 +2.2628687 
-0.04538932776867887 2333.135082560814 1595753.1356129807 38.58926217122446 +9.0990107 
-0.05353466674448425 2354.8172557807893 1495750.6297514497 262.3716047604673 +9.8181027 
-0.053267102937194104 2842.4967148355076 1230594.866544773 65.39340753272185 -2.8984516 
-0.07209826937325452 632.86350850817 -1198113.9873070945 75.04055249247142 +53.1111518 
-0.0037220118506206008 956.8358352749989 -1027737.1268613752 163.4057108283214 +0.2143143 
-0.001805232297130959 713.0571312111072 -323824.8185926204 186.8465558162721 +20.0782424 
-0.07034788961045346 2544.69726652508 668148.7159179125 -137.6976750198757 +43.0505993 
-0.05667015952611369 703.7651048623788 -1029917.6348288456 78.5776816110013 +41.4871104 
-0.0356160642705631 1978.2252684070006 1688543.9854328297 168.9127699667804 +16.6157376 
0.06408822512796204 710.2372512177125 -629970.1343028223 148.03432591492944 -4.5796464 
-0.048509290349768336 2522.2390222477657 1070750.5701408058 142.4145491809807 +11.2560897 
-0.13149581569944632 2549.29265946273 338895.13678472996 -51.84545037786551 +50.2077534 
-0.031005381074018595 2123.9367754846894 1240499.38419176 105.70530039539838 +9.5306207 
-0.01828590120674949 2476.574930065324 1679193.9259494746 20.995148680511203 +11.4309827 
-0.058410747782176003 420.3697152039119 -1345948.5585554985 -50.686267509134666 +57.5354711 
-0.06236244136213409 3338.6458219511032 1014489.551810962 218.92146313386397 +5.5418946 
0.04592733589493372 -30.007117142697584 -791393.4803281253 124.78048790463382 +13.5874863 
-0.08483337992402898 1501.4990341235657 1392234.3539354994 88.77822382419393 +11.6946877 
-0.08869180298255575 2098.954906288353 389771.2895829515 -196.5079227925855 +46.9656684 
-0.04317316480219172 1015.9807168366532 -1320515.0334894117 -80.6884745086813 +50.0369414 
-0.0326674139806925 2279.9325386255855 1212355.5183982179 110.80975032584503 +9.8000637 
-0.02342922227328735 896.6246959734178 -1201643.9279536756 -105.75965829999339 +47.5063201 
0.022128113013526386 606.5741709413484 -118861.54898847136 153.9192090043186 +14.6032628 
-0.10506071250511087 2257.490434364119 563114.9649454963 -0.7432700264482803 +48.0505187 
0.03340197795202738 1573.6133874560446 1618489.2508709533 177.32423708281604 +1.6729314 
-0.03831045916367099 1950.9854014619232 1209225.9855002365 -20.361988633963815 +5.7422461 
0.020466169425043944 626.5867262423122 -304987.00145552703 180.55520926386305 +17.0207711 
-0.08977619281551474 1956.6152327972309 599518.0508884003 62.34317593769557 +41.3006973 
0.03890688138714019 850.4502234472882 -784784.2436086709 34.61293239594515 +15.3805074 
0.0027861023461886823 898.5491863474259 -876079.9993113411 -63.56034966909077 +55.3367116 
0.022948601085045078 380.74540440499857 -740680.3773138797 160.79996519858602 +18.7222305 
-0.03689175134007998 639.3637410328151 -1125687.5355770686 -97.31202019940329 +55.6438102 
0.02549792090567526 1497.4121787718896 -543406.2154888203 244.34090191687574 +4.7302260 
0.03761529567954357 1942.5391214751733 -199550.11631699727 31.226742542420435 +23.8667883 
-0.16862773249158633 2261.61055466972 1152530.5621535834 8.39134753606783 +44.5990621 
0.0060500905110062 893.5631128883516 -514036.3351444206 165.04743904743722 +6.6806330 
0.029287513132908727 675.9805918116194 -656806.8503653229 123.05250182727646 +6.0476916 
-0.09491912311496498 2354.901323658616 1658302.6938459089 70.98251619931361 +1.8102864 
-0.07440965669661116 2488.5909494628972 1535446.4486266442 75.2345450768101 +1.8546102 
-0.04851514069130892 2662.735064302546 -178181.00989696025 -4.788028503312012 +39.0534268 
0.006304982299883062 408.2560455332859 -249377.96940694735 263.2221374128778 +17.0752997 
-0.02113979606025575 1551.1402422585859 -534602.6759431348 169.64156348518583 +17.0054432 
-0.09390823098880301 2414.571089338043 628828.3413244211 -115.31698989736047 +40.8250802 
-0.1398150906883447 2198.4975961997957 881544.848103923 -158.06561654147802 +43.1213255 
-0.11584906608438719 3170.0897745671696 440049.03286472574 -123.00422221191832 +41.2870505 
0.0694731519023972 924.4701788871964 -486932.21418077603 149.24819863366267 +14.4242438 
-0.06865465116063849 101.83633549046344 -1383055.7488641602 -3.8165792038501194 +49.3619205 
0.07111953179601788 929.2589978415524 -626033.9543165653 128.02771065751185 +14.1029563 
-0.06311676698332934 478.4940425941401 -887051.5729165867 -123.02683507072356 +44.6771126 
0.032260167686734 584.9333644549065 -521029.9028267722 8.395898876430854 +17.4770635 
-0.04314291942960883 1853.1665637353453 1422277.840958136 236.51094045372122 +4.6905284 
0.019578793192896203 432.084332514184 -665689.193080806 122.27374683678227 +11.9342597 
-0.03207962212747305 1150.3586444191753 -327087.5296301132 124.5904528472072 +5.0752746 
0.05483924824893819 1137.9509278062662 -243494.35102290378 202.54747031210675 +14.7019947 
0.029293586769927958 1022.137290933291 -667644.9484606045 140.02002410222562 +12.5916459 
-0.07086439438211449 689.1815520774711 -1458496.0219539448 -113.81973538437106 +58.6679562 
-0.030438858115140383 392.1387623250064 -1076923.1011352162 -67.9833156782442 +51.5217821 
-0.0773147755329193 682.6557274607668 -466610.8847230579 87.03183321814006 +20.1901482 
-0.0850583836130888 1959.5208804535855 377414.53310982615 -87.5746229716771 +44.9266071 
-0.1019310365707002 2296.1928738444135 490579.17479556834 -76.73146395610986 +39.4696546 
0.02993990436810109 1073.4137559102746 -561499.3356283412 113.05143298592616 +9.8799515 
-0.026003607011395792 1933.124599395924 804719.8366368292 160.12334243336937 +10.1643747 
-0.010416734078936141 1159.7658272392493 -180870.5472136327 98.2747024518288 +18.3728012 
-0.12399375750330449 1700.2494609600642 1058862.147087963 -94.18700499238298 +50.6031909 
-0.132234544131458 1868.7532280367564 349744.0372529599 -38.93691966119089 +44.7609907 
0.011019408575807495 1739.144373306523 -402551.9460703905 114.68266804188734 +11.2771257 
-0.03215627946529295 2558.8110114077144 722209.0207406216 -93.72245108307646 +35.2359601 
0.00944217212715023 2288.3326543544063 1340558.6064240383 117.9563320906021 +7.1204369 
0.011073792189632252 1461.0728377734602 -327792.2193461293 110.16896659977544 +17.2936392 
-0.03678669081737602 473.15668550272085 -1239541.7386483548 -40.8416187202931 +57.5559844 
0.05678584891360129 493.5117236793566 -235478.79935218103 198.06794080554056 +11.9908879 
-0.04654743860391356 2316.3168524437665 1319511.3643906727 204.33476028062864 +17.0530634 
-0.03882939785604929 2030.4594908205186 1075328.2439266918 -89.57054431700188 +38.7299409 
-0.11797569872871037 2011.2021961233886 1511574.1215641233 128.79912227793895 +9.6749926 
0.025848852079918692 388.9660418867143 -198470.71478965488 109.02955292419357 +4.5228624 
-0.06513544742850005 73.19200122138557 -1440104.723766814 -55.73327613098023 +51.2117705 
0.035424767034005225 855.4521033195211 -374835.81793510076 147.48277649092063 +13.6181192 
-0.07177736027611532 1801.0030015486932 322958.6723722085 14.917748319704982 +46.2773355 
-0.08865354130228938 2922.698645834005 1706719.2612027184 107.71660187793044 +9.1393693 
-0.05134915108244156 669.3814699182163 -946825.1842399025 -62.80968094834085 +44.1208598 
-0.08540975021351559 494.7988105140795 -1305654.2080854604 -60.29608705196866 +43.2208766 
0.05204215976520002 1187.692661551809 -537763.1604098529 213.14611465233634 +7.9163126 
-0.06035254759404817 1984.5904394998095 1208156.5474481462 229.64133393685844 +3.0938524 
0.07727683763109697 1285.1979762933572 142052.44696475836 199.34058630278656 +17.5466220 
-0.04155888363362673 713.7516125820305 108554.86754210935 166.33299353274688 +11.8004890 
0.03887162303106165 747.318715228335 -716925.7651273633 97.8114763241517 +19.9131282 
-0.045822007417655394 913.8948941917567 -866698.4655132962 -6.250642668903118 +51.8751372 
-0.07251272811117333 2129.223472624789 1424862.8103030005 123.59073655216818 +4.4867332 
-0.1705463877270966 2055.3457431316256 615553.2955046677 -77.08115368962575 +45.2677656 
0.042616667810304806 857.600997102859 -388886.5091909486 148.07322622838876 +14.4169057 
5.092811629267654E-4 606.6843551440319 -576816.1770554293 250.94103884033265 +21.1622054 
-0.026854061336149065 1034.0454295753239 -1154321.2925835613 -38.75013029219174 +53.8996085 
-0.041464217515453844 494.02038835206895 -1076836.009155344 -34.443872599980885 +45.8770057 
-0.03858516842627788 1454.4902371561225 -1196284.1385767013 -143.60999155304128 +55.9294132 
-0.04017403856937271 1193.595093942199 -893987.6479348001 -141.46923504992432 +51.7124015 
-2.5879945975320447E-5 1112.2368960209023 -121392.8226203386 154.60453242749014 +18.3118869 
-0.023808489643771236 2527.5497070098436 1454110.878319588 98.88540823571 +6.9550979 
-0.056052591220816496 2331.8005764866143 1848832.5470317544 262.14161454084245 +13.2609274 
-0.07021092016385068 1405.3172324532966 -1384678.7654893878 -23.01123755347376 +49.9221190 
-3.9107970130436784E-4 852.0790941806183 251344.0451065401 112.34611169610278 +16.3486409 
-0.07434296950191288 2083.346255981101 772673.1026080914 -90.69021461741093 +54.1675382 
-0.016732646692499034 1960.22381309265 1292497.5282264908 199.9506724552407 +8.7620172 
-0.08938298064238928 2387.523568172391 1087754.024777065 -73.74865784988133 +40.1756068 
-0.09863175655548234 858.8583297548214 -1124013.7437297045 4.5043000105192315 +48.1656460 
0.05939771379780083 825.2407736731474 -110747.16077012748 90.68220735652916 +5.5651559 
-0.054350733565525715 2665.918618885335 211681.365820567 -39.39300527432763 +45.8006847 
0.009130072036643712 847.2002819292318 -395838.601520775 192.26754151060484 +13.8938192 
0.004536727734016237 1073.752902759048 -162968.1573518522 147.1122737803638 +9.1328093 
-0.11935732833807185 2982.7799501458894 435051.02750995086 12.968738237003617 +41.6210596 
-0.00725123038497639 310.1049871852077 -745927.707446313 -151.02747396473814 +52.7947563 
-0.03302469791130347 506.565199784638 -57449.80836053259 228.50500735356496 +14.0229219 
-0.06701128575597957 1576.8997552106573 702962.4475707632 -74.26562225072638 +44.9011076 
-0.040346645974367726 2139.2017832497763 1505997.7025081413 173.779108079969 +8.8599316 
0.014714714287181777 1058.5213188063092 -703008.0861096171 71.26894082647055 +9.2565877 
-0.1502514859341758 2397.8110172899146 249770.08521525783 150.77852966235352 +35.4678925 
0.013658225224279862 1006.0167828990103 -597575.2264279438 172.71055368400977 +2.2716914 
-0.0920702859040501 687.6986086921589 -1170297.7235848403 24.615891158870685 +59.6376962 
-0.048038628139873765 1043.7219568527946 -966925.0384453518 -22.79096595771972 +58.0283418 
-0.07411255089749587 2653.3198273603903 1375368.4002660606 115.24610848804394 +6.1608925 
-0.05537453217035354 1098.8406828664713 -1013734.6597022067 -111.64852842255303 +53.2578505 
-0.04468777803386212 2870.3552559117147 1223583.3220360405 87.53851099963953 +6.7422811 
-0.008148956362559474 2405.1028731115803 1860406.6182146096 170.25995933767067 +7.1273364 
-0.012934904180294911 2580.872220826657 1507057.333595744 46.992891687364306 +5.4691637 
-0.09633752948965982 2142.3766959343156 1460977.2121412535 88.59134224813717 +13.2137157 
-0.03531529642559797 893.6896912803621 -371843.1943932513 131.2286122729351 +14.6794619 
-0.0969606466876014 2873.071830272172 1757778.7632310386 -37.719369725000696 +4.3274013 
-0.0883980912747159 513.5163042874506 -1072262.5142068635 -23.892792348342482 +53.9502241 
0.013016418194775416 2737.5034017765415 1101977.8325892447 76.94411924890633 +3.9549710 
-0.005561062247992822 2402.7012832336504 1493712.1490421016 208.67255278653792 +3.0750936 
-0.06642252256742799 2440.3318096141347 1541143.2244603313 72.17297201369931 +16.9094044 
0.041010983517667764 2686.1979769089157 2143579.024140966 267.3851754149456 +16.5280861 
-0.03800125074961296 1472.8839456902922 1285108.4014990153 185.75845352410218 +2.8757742 
0.046905738528952384 1257.9839238421323 -315335.2897234561 267.0447100754718 +7.0260480 
0.019201178208954315 1174.1728883154178 -445560.8599283038 39.13788678736628 +13.4223846 
0.038926531389261235 930.429609680013 -407925.5741291396 130.7786824029636 +7.0909819 
0.023576653113064793 837.4825150049666 -496716.2811435994 77.01872951163209 +15.8286127 
-0.0319044579892475 667.5803807677444 -1189123.6146016982 -154.16867704279034 +60.5097968 
-0.056412431884658 620.1882425380521 -1286499.2594472067 -138.54501361981107 +43.6541097 
-0.055455432122267764 -52.867066716042515 -1030631.1173195969 -47.71432339429115 +47.3970130 
-0.006248354566497891 1361.6497841409114 -613377.0728019223 73.43047342380544 +16.5141406 
-0.11309066354232482 2465.8284436466543 545192.7952533303 -208.75003622117842 +52.8003070 
-0.09826678009563194 630.6499275746985 -1229163.1718079748 -98.03481288250028 +47.4323510 
-0.058618044139779016 5.824353475137863 -1402061.8714166929 -98.64997779968691 +46.8748490 
-0.11511094055016786 2527.61347278112 1058205.8379793905 -167.09032697961996 +41.6686363 
-0.04786595374623516 1667.0749769079534 1277100.093146462 173.4500063382735 +6.5185696 
-0.09487823771282451 2872.4552689580782 1563915.1305998717 172.29166439790797 +10.5498436 
-0.12401982725043667 2703.369730562083 625184.3137213507 52.386477132461266 +37.8167394 
-0.0023891388090219357 685.8571059586958 -955673.0851966058 2.803065044712148 +51.4108043 
0.07378604824861654 1455.2383967884168 -710713.8435038074 102.5941088704531 +9.4191489 
0.011814206502507718 1167.8081302545108 -594318.2123822696 48.60144380715647 +18.1492668 
-0.037210740096102785 2296.1227696220317 1488940.4050387663 136.11553837794412 +9.8693531 
-0.07799799270893903 2508.2065652205424 1535578.549972098 109.48098023678045 +13.3511172 
0.03504252983365533 1149.010015831108 -375270.27303535497 186.4707751737384 +4.7314267 
-0.0454871758474225 1136.1423881957223 -1584269.8125014505 -7.550315898872147 +46.1319401 
-0.11391181033550551 1546.6028326455894 815113.7227508135 12.304356880753641 +35.9310280 
-0.05564409447217757 680.896545162469 -1019602.3828530335 -70.03129344000635 +46.3397417 
-0.10541848768577486 3073.4941625889833 613973.5290640319 -41.31280784946434 +31.2048252 
-0.12256118303048942 2840.7730373949084 694972.43532655 50.46008359684747 +42.0856424 
0.005253640197763983 869.8957653765119 -280256.96723300236 122.72277307758934 +17.2658729 
-0.06453628983541743 1866.2767522978902 1265634.2022038533 95.22590928690106 +0.7221878 
-0.0956014359442962 2115.8832729505566 725157.6491066415 53.07428645790567 +41.7628792 
-0.07877690316233345 762.2006676763355 -1153337.0996843248 -29.101956301679397 +58.0824090 
-0.04100700885814783 1770.439498662801 -67929.54062870576 117.77147538153021 +20.3290376 
0.029412134339542255 1036.4228570870077 -285234.99868404417 213.07508940001 +9.7598030 
-0.015005299858320548 2522.532401984669 1031250.674570509 67.85272835499201 +14.4020901 
-0.04689485287436829 2501.5802626508425 1404081.7116940191 175.63488945087445 +12.1908721 
-0.0017197659526783802 1194.7060703283994 -1377957.6392245737 -190.34363018898154 +48.2949406 
-0.08285061655659882 1564.6518025144708 395358.6143089864 -29.459479946808784 +46.9341260 
0.016079027332174103 1093.08190614864 -189807.26176861493 199.61999212871916 +8.7423890 
-0.10876237097285268 2397.2181735384793 -10805.174490914997 -28.15700362228878 +50.3293057 
-9.56396864597886E-4 1513.9479586115847 -310243.51563960634 118.8992783444194 +18.9144152 
-0.032901449971863624 2304.3625495438046 1284980.2880478343 3.613096669143479 +8.4023398 
-0.1269702415745886 2421.7986233839492 635353.9668634004 -68.26654256464366 +48.1854822 
-0.023562261719465922 796.458375548025 -661329.4667945626 104.36733910683247 +21.6949225 
0.02241561710705981 404.9600986157236 -1586729.8173917108 -77.03538210623424 +53.9863489 
-0.03773734898817265 1370.8760113305398 -1385219.9828423646 -67.38116302102578 +58.2932935 
-0.09091294543821674 2648.3895132080374 828499.0429248391 -98.57934719356706 +42.3392347 
-0.10808531675204366 2440.411477113624 415798.92011946876 -70.49170172000328 +39.5508739 
-0.01502822113920378 524.2921159711366 -1103230.0533024673 68.56970092861343 +44.5911571 
-0.043488525006686506 3322.092170538741 1890054.0672691835 234.6958223952164 +14.9312535 
-0.06730448388421852 2541.249133237606 1612747.0900458503 126.38011806953281 +3.0174151 
-0.09671959921840073 966.8015007694601 -1091749.0559408937 1.2580140813463803 +49.5022778 
0.011485883995477411 859.3109809473344 -1109878.962370443 27.489549926879647 +58.2859788 
-0.03936927049955085 2998.408839016321 1256294.6038999802 32.39365973914257 +6.2612940 
-0.1221366983255793 2937.079971845533 306696.0176154921 21.393022134045353 +39.8176826 
-0.08052848872071919 2249.544351896098 815677.9471861344 -49.38402354639981 +48.6240775 
0.04514349061146119 852.6759729360157 -493535.3000271958 86.56318531547622 +3.5346460 
0.0798320636171374 362.78086778831783 -217746.70259254563 184.0694857852379 +22.0247267 
-0.0178958821589687 306.6838757156061 -690178.6796493311 251.05577023796036 +9.2877904 
0.049649437063745784 892.9035962564866 -488649.42524435703 72.60915934380645 +23.4006511 
-0.08356232623569405 2648.795237622187 663892.9753834339 -122.22301082540972 +37.0564883 
0.004613641861636592 1059.2989784478862 -291924.3970867301 153.73707424758692 +14.9653385 
-0.014245291367193706 1325.670003298702 -500706.4385622298 -72.03763049455736 +23.0404648 
0.008256729925329004 826.9141406509582 -329203.1169325746 268.7395053003763 +10.4061756 
-0.03924242750290477 2313.092534789454 1167538.0318832025 76.08050425916379 +11.8110155 
-0.07549252812031536 1962.2586941852926 1230470.5281332259 266.3679803500683 +12.9454536 
5.538286109170711E-4 441.38738363751753 -425728.1758578524 156.86179070374067 +15.3395274 
0.04516190132367573 602.3159550080185 -394597.8060933424 89.13906692339681 +8.6191522 
-0.0653983220307386 884.3795074138042 -915920.9443577899 -98.77920783505125 +58.7157024 
-0.06311671115945967 2532.980806457093 1562794.823419186 84.1835424558174 +2.3466776 
-0.07902382330262257 -7.696102852474957 -1409909.8783142907 -89.09015292348238 +43.7059215 
-0.09239896568384623 1926.7473232912287 624736.6115500107 -55.20071398427195 +46.1571724 
-0.04216096639747966 1584.5507104991143 -61816.2333074858 126.72704527960308 +7.0668033 
0.022145407248347685 530.565848155259 -466606.14870733186 286.15337612317984 +11.3513581 
-0.02816300826721058 505.7453155740398 -1197930.6130352735 -103.78865130163152 +44.1694444 
0.007866565735487094 1218.6643034998906 -704864.9079051205 219.2642705326008 +19.6469630 
-0.07825473785028869 2482.2132285546154 1894027.1775353723 91.51113405120341 +9.8171513 
-0.00831045481749175 828.1365879930743 -1058023.390251294 -89.24345268916203 +49.5714567 
0.015597847905235206 1483.9261947222212 -649396.7261537163 97.25423219226566 +18.0570219 
0.062130169405244295 809.2619991244987 -455290.9431983237 140.1350616272845 +5.2290462 
-0.09545978845741573 2591.5613434685256 751480.9284768188 -137.85053956824348 +49.0994354 
-0.1580998977472488 2474.725166693828 794130.4623178712 -162.48019539667237 +40.1473918 
-0.13013466228547688 1854.5209747700353 855625.0034005266 -31.689717866900875 +48.2759795 
-0.12320649579900864 1022.4997581986652 -1766706.284343729 -223.36244271378973 +55.0144026 
0.02330078271396894 1331.614866774065 -525738.1754547755 179.18285474281322 +18.9975928 
-0.011288189343456273 491.5850569449437 -1285741.4687590974 -105.83443084714052 +49.4128805 
-0.1384920873069023 2488.717416654011 448741.38716349134 -143.10872816996394 +56.5442242 
-0.07245505088903853 1066.04431363447 809962.1427737302 -0.258784639571447 +40.5208133 
-0.10198864680419144 2474.490675774593 618084.6599127783 -141.98472413784782 +47.3041535 
-0.09407322401797613 1778.6771816533803 1717797.1995233456 154.24906684388634 +9.4131573 
-0.0337567274789557 565.9554222958666 -1078172.7769834122 0.6232902031021317 +54.8131502 
-0.04014928626556456 781.2278241750402 -911057.4881768218 -74.68929155069408 +59.2026145 
-0.08745554989456814 379.5554753822154 -1065917.6147775736 -142.66464791572645 +59.4094019 
-0.10545784351388661 2017.425157155294 1002296.2082267856 -112.08019391855558 +40.4286186 
-0.07761839039523719 2692.0516874207556 1528035.864273391 139.86907008409122 +5.2728829 
-0.0449536671250624 -132.76249627183773 -1370892.558643823 -127.25297589472893 +50.8671140 
-0.03082610829898593 954.0313486628615 -833436.732161289 -118.62950631186462 +50.8834219 
-0.020034583923912802 1310.0491844361945 -1120115.1576290193 -137.9250170528063 +54.1809322 
-0.02685799133657327 526.160529321576 -1429075.4102104227 -115.67081788362135 +57.6368538 
-0.019595652001534136 647.4328752358406 -1305890.6363761453 -98.77957666328165 +47.1080565 
-0.01763042849395178 412.54973455262956 -441559.29600517533 115.15588941460804 +10.3826079 
0.05613072230879549 612.0972653017667 -109773.93301503402 107.05848322503252 +15.3919786 
0.03328574149061709 746.9010446607225 -231905.50835411908 86.32882079303896 +15.9290070 
0.03223511393402968 564.7082089254943 -429040.28169254115 115.60405259735597 +11.4092380 
-0.08940422720718266 2297.2463593670745 368198.6315233672 21.814954253047897 +49.8760428 
-0.1268874324463319 2102.7411379590044 865878.2426813293 -17.405111152331763 +47.6320830 
-0.014502583582466037 917.0634048818205 -1410407.1662259588 -71.82151928124215 +45.2633070 
0.03931596986879753 528.5591167752975 -454771.46519050066 57.70797509992832 +4.7663857 
-0.07132800045488379 1276.5322810517816 -1161439.3958810228 6.911796778137176 +55.9250336 
-0.003429829716809498 1065.6546656927997 -1261229.979907335 -58.589729062041464 +38.3296746 
0.04034593142883605 1108.0798887893166 -480258.6734487235 78.73607858282494 +8.5888782 
-0.07001507886430233 2159.8554117196136 639960.5920104566 -67.88918333728384 +51.1961115 
-0.0605456870183049 2357.47816614958 395109.6401154397 -85.8215639512178 +45.3011161 
-0.11537648353337623 2576.367631363998 656995.5334822667 -17.921880074214712 +48.5473043 
-0.04011633901769003 2867.1178642091313 1272701.041965594 200.67587727496445 +13.1705245 
-0.014312045550535573 2555.475127482432 1527537.724943165 106.90905615577196 +12.9961025 
0.010746608489543053 985.7482431340836 -411790.65753563057 127.7791388716399 +13.2868839 
-0.04865809445673946 2510.147243267926 1586248.5123592874 145.85508218597118 +9.0439262 
-0.032784510129695583 2088.597638893609 1462927.264268803 35.57221405208645 +2.8607523 
-0.0656627708661016 2700.634951026269 1680630.6509422357 126.91804666699329 +0.0194776 
-0.07040515373595278 2737.0043321526214 1787612.3912303287 150.35262895159198 +18.3371340 
-0.00456108927073675 1206.12517919889 -785193.340834902 138.53658958302896 +0.1298592 
0.007406655202889433 1042.5261659541766 -551996.3682585335 174.15677712304233 +10.0789060 
-0.06728703334256217 1989.3801957188653 499013.56492248893 -49.062718833494806 +43.9347028 
-0.05332445638088488 390.40016807842125 -1401011.305432555 -57.99344077368624 +47.4262862 
-0.1251148012890836 2650.832676335451 775951.1861328485 -23.249102255817434 +47.8894135 
0.008214984835595733 401.6694575695132 -613532.4222562972 53.16373468034007 +13.1235396 
-0.06855745063878295 3111.194840849377 833230.6074847775 -117.68083953219394 +36.0147090 
-0.09587327586000245 2324.894937264667 1796590.9442428092 115.34096373233587 +5.5453107 
-0.10047028220847974 1907.0010941376108 779782.7418034227 41.76143206750027 +45.7207344 
-0.04527830525669502 1374.2650016268674 -1341498.5255582852 -174.8422001298361 +47.5501374 
-0.10440523979231316 2030.3703871306607 1002001.4483742665 -1.0193453334604512 +37.3059704 
-0.021979018622433018 1679.3520483532052 1398956.434915975 143.97683917583493 +2.4193833 
-0.03175204766029621 2339.913539728741 1213184.039430905 176.15926361086804 +10.6142090 
-0.05177853712310801 2071.3354947973526 1482782.4138943541 205.31630072047403 +4.3790270 
-0.054884834020904216 1065.9524775797245 -1010441.6700922628 -132.65968793654548 +51.3879705 
-0.05291832656431963 2780.1611459478395 1311564.182882203 59.05055780622103 +12.6401760 
-0.059096845469870304 2364.3495554953756 1754054.6835022718 147.43850603842685 +5.2545829 
-0.022110249375234536 1043.7809409855172 -559482.7257331889 85.22046245445597 +10.5106421 
-0.005788533352091691 1075.615692521288 -99460.24301664907 24.45884041008795 +14.6641077 
-0.0037213531289585883 460.44788451935835 -576987.0868099858 161.62704406382605 +14.9283163 
0.0169275948101328 612.6706488962976 -400060.4042611346 158.58857440106692 +5.4010215 
-0.036678470663649196 1009.8149289514402 -1225814.0543077574 -31.994366296921427 +60.1941260 
-0.10728144186413636 2319.5439977780215 805243.696946051 -49.61145409810573 +47.8381429 
-0.09543107265886158 2136.348304699768 662422.4659771026 -79.09565660119762 +40.4351490 
-0.09687245613830933 1773.8045489946765 928333.0774695207 -33.20079975024764 +56.3376871 
-0.01795625009162122 2459.836160931815 1617480.3355313966 126.4121028536723 +3.2213146 
-0.07841956340785282 2512.951539249955 1327736.2116459904 258.69053673674506 +15.5611776 
0.03480212992134273 987.6009136147334 -519944.49128608266 154.49964505533157 +7.8839123 
-0.01579068588059575 1128.5028071704025 -1427212.2372081059 -162.39526532006028 +51.3542763 
-0.08260191005248049 2690.6747343757406 589447.688175188 -66.52096706897899 +40.8452414 
-0.0699486149650827 2059.3935987402815 826898.5826309548 -29.01466572439279 +44.3034130 
-0.0844038822356232 2337.961678048328 1193265.8097069322 122.27622167420822 +4.5906717 
-0.07594043652093568 451.602202683722 -574142.6100971407 -161.01775089206726 +54.1190975 
-0.13988895683268152 1805.5729453668644 865933.6318407957 -118.67378782920534 +52.5339964 
-0.038346990303977826 2849.819500392269 1164278.9894580236 113.19781353400367 +16.9750787 
-0.08603052280893138 672.5376214229157 -1397608.523521493 -24.99183039754349 +51.8188604 
-0.053006360806776655 565.5245823649287 -1055424.1064319317 -96.3637738839153 +53.1903430 
-0.07906572469919089 1306.1833805811077 -1365061.3056312809 -164.4494873437629 +42.2424398 
0.02714896767479967 496.564410692695 -193127.92874210796 97.81775009235065 +5.2798534 
-0.07064498424479482 975.1296218606565 -1290222.237340193 37.63706201710667 +51.4320724 
0.07180823087603841 999.5315942670906 232820.41080780877 83.66338031421485 +6.9830249 
-0.04023339050759739 992.6313721173915 -1291882.406490637 -28.29926435903284 +45.7590088 
-0.02941984919832955 1244.3070713963791 879838.3642881234 66.56508630189833 +44.3611494 
-0.006972300837823055 1125.9987853808664 39086.20631824241 61.248667099163775 +12.6717668 
-0.05936542527158831 793.4493746012062 -1388465.267971366 32.21270154446591 +52.8465641 
0.06695996129021228 905.6329058623497 -536165.4108824054 102.57069196610558 +16.4930225 
-0.0662001426002423 3114.720719449414 291674.47130773676 -51.9127172705242 +48.3267916 
-0.06605605002787066 2396.331775305875 1366857.632886188 177.41975621792267 +10.6366326 
0.032113183437913854 825.0896834263589 -283620.3616451345 187.8369850164699 +6.6032084 
-0.06538320492683412 2485.3054077720876 1406253.3955846014 132.42938421292482 +9.0588280 
-0.09492239439372717 2470.1085343849286 377507.05288300227 -70.57814030407768 +47.5191666 
-0.060040146054645485 2498.5543909394264 347300.2719195977 21.078835805986895 +45.0517829 
-0.08141398927084628 538.5308983190713 -993631.4123433883 -11.372335319120532 +45.9557087 
-0.056137209042450224 984.5542791073382 -817086.3312097059 -103.83274840485704 +54.2614426 
-0.09055090531391057 478.1753725961825 -1087125.264693215 -15.037599053170494 +55.1900209 
-0.05245614958261369 2015.3050802900168 1501759.275194403 175.80847476922563 +14.5561719 
0.01794981918183616 1068.665874771708 -983225.7409688564 -55.86886107675422 +51.8299323 
0.02618255600798442 1454.4790376372514 77886.40486590231 80.34508067305819 +12.7694512 
-0.0631602314482482 2574.8765703132353 1090930.5766388406 106.72814222048295 +12.1942554 
-0.11322456267609618 2421.1844926037375 482723.8557150651 31.064424926507716 +41.1837726 
0.039005667306894136 2648.7386204799773 1329037.6894269362 192.93472596140575 +4.6358045 
-0.13601360797687323 1602.63388258662 578521.618509539 -34.55134545803448 +47.0530936 
-0.04548404971072142 1193.585753066885 -1279081.841833986 8.093526116591812 +63.0027098 
-0.006346548753233415 1314.250449624625 -1024381.0634134402 -167.8122234101171 +56.5290725 
-0.1204511747345516 2746.129620699826 739975.5655194675 -82.29563614604488 +49.9942430 
-0.06448540079583351 647.564981900996 -1259564.1513276554 47.9575397942578 +52.7142243 
0.010157019107720478 1869.5927312626823 -180453.83104339807 123.47269676531388 +15.4494399 
-0.0635337154658351 1302.8583784578493 -1090457.5322445538 -112.34346719769086 +48.3777433 
0.016434100637546457 1053.028995322563 -784157.3428727002 112.16073493922603 +7.5203654 
-0.06438079802886078 564.9379658637029 -811933.3676774667 -81.00228832022707 +51.6355410 
0.041142627367104785 355.3491530104198 -196539.23109917567 199.6517297979443 +10.3994030 
-0.02309666831693666 2267.564203015914 1472797.265031843 154.94912495486201 +5.7830805 
-0.09587084193928519 2120.8976549807358 685567.894446161 -69.10080251552937 +45.3785428 
-0.03864363834736189 276.8080232884182 -1521203.9002155534 -37.354580163732614 +51.5089302 
0.0036880151139964206 2509.717976035383 1332021.5421055574 77.72967543196891 +5.4787246 
-0.11156978687247834 239.1983073614401 -1143095.9336438759 11.87473838142975 +46.5431723 
-0.07138153554588968 1943.3565274943614 739611.5590444155 23.08701331340756 +57.7530078 
-0.09609938486168157 1219.321818515617 -1328194.4814241324 55.70955309920149 +48.7625804 
-0.04277519643537106 1242.1479153588698 -930787.3352845181 -64.16779132313302 +36.8187543 
-0.08008714520717113 2504.1137209062927 852676.9666451955 51.943909073968356 +43.2260625 
-0.07544794717800325 625.307677643829 -1316257.9907853748 -66.63475795461918 +49.4418040 
-0.0072468091344991565 356.80399434057813 -696895.007294113 129.34169073453776 +17.0030445 
-0.10639291566027359 1936.6458393299886 60278.52756963341 91.77558020411135 +44.0490178 
-0.06669419501152526 2621.999522943954 1353092.3859621717 230.2795469301622 +7.6108847 
-0.038886996924766576 2953.18122623886 1296002.6493960777 32.181974464592045 +19.7576037 
-0.06417215073361195 37.309822994702564 -1100142.1960907897 -88.19820823736354 +59.0702401 
-0.07508917833245926 2554.20265562269 1382597.3695284834 179.84645049493247 +4.3301908 
-0.054577880891180534 1228.0766174470502 -1194399.964960038 94.90570737040491 +46.0753742 
0.019517487419233353 900.225142717543 -162127.58812053333 155.46418251375593 +6.0330032 
-0.056669299838520884 180.07506231709485 -1249929.085742609 -107.24273136752427 +39.7647341 
-0.14787370170024314 2024.083914500957 341908.0316007645 -58.25060256904396 +40.0639047 
-0.13021079487892198 2580.5668313929204 260953.5274420629 18.158940731016134 +44.5985677 
-0.057182444013228265 2799.1836161230453 1117661.876441191 272.31447250706196 +6.3348852 
-0.01584682236392789 514.1832554935453 -1120412.9256184273 -24.603398946707348 +53.6776465 
-0.02962300342480364 752.2740654682642 -1408357.1225013484 -47.930722293626076 +50.0215551 
-0.03580060681889186 1556.7321223164695 -1455369.1685202478 13.082709848476698 +44.1880949 
0.031329583779467846 -74.25695632223785 -930973.414062345 -56.61084389267843 +46.8161033 
-0.030998056982318938 1082.2703354337773 -356835.97195063974 114.5792043466981 +15.5475911 
-0.03838252777940468 795.5512145194416 -905554.9171598413 -99.89024017830457 +51.0526997 
-0.08292808892291578 -168.32459066059187 -1000508.1384798 -6.73837374420739 +51.0831845 
0.02006861415485878 1285.3303689036752 -741178.1034556879 77.63721388289221 +14.5663250 
-0.044650554677571466 781.4967397146926 -1570355.1541414543 -31.643061095756433 +45.6052971 
-0.04179465016475738 672.2277680674737 -928571.3494570084 -83.7564688712832 +54.8056318 
-0.0021297587810242464 1131.9700193545643 -333508.3962541523 93.95390923905823 +13.5353844 
-0.0801158721704992 2114.7271807720235 668243.6083942747 -177.59392797316016 +48.3377672 
-0.009590496148842262 621.3836998339805 -191834.7522920977 203.66794465805805 +12.0266982 
-0.049635179647434094 2435.413886418831 782910.9662714147 149.23448560005673 +9.6707863 
-0.0499036254718649 852.4781941984995 -266077.3486699995 121.53551131567886 +6.0103608 
-0.01101553439925295 915.6375075564614 -514274.8669397769 140.38857571144368 +11.3553972 
-0.09437307635147879 679.1055276360603 -1408625.2379613623 35.18769955705706 +54.7177039 
-0.049062694699275974 2231.6088069417438 1352412.4812907814 165.65002692196748 +12.1903893 
-0.17238453377778032 2346.492041798747 836765.1996312719 5.577918418081698 +48.9929488 
-0.043551918593074716 446.2432885042055 -1192855.5887334135 -119.72840789462037 +57.8825646 
-0.0774367730176787 1064.5105355535713 -1345165.278524324 -187.47382567598018 +52.5061294 
-0.05562987055018769 618.7817735979128 -1122968.5992784405 99.07255536809264 +52.7839721 
-0.05986944782599291 2591.639072895246 1656491.1161821338 203.72441226013095 +3.3148745 
-0.09001056374990384 2068.509371667906 771678.3327114072 52.130403380383186 +50.3490319 
0.01548752877400909 679.3499630926194 -298913.0002476397 110.80288274419516 +8.9673494 
-0.12097317257498738 2094.791465290607 769235.9634540621 -60.48199492149718 +43.3915247 
-0.09378914751003996 1022.2817408979686 -1093312.4388347282 -115.09021217162234 +48.1411230 
-0.12718730710938245 2792.5436358430647 704648.663242593 -89.95636815224914 +47.3011049 
-0.05196659657522549 3039.251069692275 1822991.7465247323 147.7021518340748 +3.6640252 
0.04210613619269761 1669.5605075769704 -616393.254344006 201.37868315625653 +8.7387508 
-0.10281236149537659 1209.2790431422884 -910503.4087692393 -148.6296847561441 +50.4823348 
-0.07173688797061034 447.9779748335676 -927722.478894754 -151.70492290519087 +43.7687056 
-0.014032591259007413 3417.773838233651 959835.0006581346 134.97349126879723 +6.0775861 
-0.10624556297391367 1901.7980995009636 771041.2274736076 -1.1184273492726533 +49.8547248 
-0.02124179743490222 1461.4810403790198 -1391387.0923039012 -3.780500426353285 +54.1932660 
-0.1350643342380442 2498.420886320142 473492.1246299103 86.46999717478568 +44.7052294 
-0.08870857247300222 1863.7662331988245 791948.3235082375 -203.0208502809665 +57.6931633 
-0.059575066231717114 2625.2666847151404 1131332.7943275967 169.6978761794019 +16.4334129 
-0.015763868093610106 2776.570103622398 1225202.9235963922 98.94431379238573 +2.4222619 
0.0258648735305117 2399.101154206373 924402.6539491726 11.346609550050767 +8.0125071 
-0.11517379822740732 1784.5240294813154 247497.32667312573 -114.50449081206783 +43.1443337 
0.06190802389831118 181.93831276876355 -662719.523407641 302.4631153789207 +10.6884501 
-0.08936728297024031 2803.143162333962 1290982.5322005302 157.84138373052957 +3.6471849 
0.04749794046787514 711.7226251369074 -91114.475544875 62.81353151506613 +15.1774435 
-0.09076842860443567 665.312088993148 -1171821.3402236954 57.25741453368284 +56.4206871 
-0.09541508470259039 2484.9163476065846 411692.3625152537 -69.04426114781045 +47.2501353 
-1.6602018837489865E-5 1072.5060706488928 -331044.32521423686 87.8882892519307 +20.2025977 
-0.040518572328152876 656.8035523901466 -1330619.133662965 -88.56763396948764 +58.8198442 
0.043394327809018786 991.3833485690584 7399.159067463523 73.39148459157082 +24.0790149 
-0.13934688472871526 1790.8778739685138 517634.8024640191 -28.388155650839344 +48.0205530 
-0.04153961323381939 957.6298573342175 -850595.908747542 -102.57600678090552 +52.9157971 
-0.00694848637502523 895.2428500889533 -88007.7713069669 83.6067024800507 +12.3861646 
-0.07321637682348937 2324.6908041902025 935618.6848473088 -30.132038224926525 +42.5394854 
-0.13565501776771216 1933.6012699821013 455704.1816993767 -84.30011061803243 +31.1581806 
0.03743834517748884 161.60553065728936 -127753.84578856069 294.0026162379369 +9.2038023 
0.008588312546347572 927.4987988493432 -176784.50504039502 83.8277080439832 +9.6252180 
-0.0015027674065281093 2476.721413417825 1451572.884115504 149.54336817816215 +8.6700437 
-0.08659782730198484 89.19099844737212 -1202985.5945686644 -46.2050524575556 +58.6991674 
-0.01492216695161984 2431.3117647726367 1535629.9293257848 106.84354488548995 +3.3549936 
-0.046546333291294255 963.385647513683 -1093532.0422182565 -141.82502520237088 +47.5610171 
-0.05757115678245898 2810.953420849713 874793.230412019 201.44143927965757 +4.9540062 
0.025458297122989144 1052.1320488906242 -377771.8784867518 196.23682666668367 +5.8777255 
-0.009590473819294397 983.695156866084 -1497733.5960927198 -116.43525865049405 +48.9346198 
-0.03755192442270323 354.58474216138023 -1269077.2418136946 -58.06578274279511 +51.4624509 
-0.09418967261009113 469.1006963427712 -910268.3452524188 -36.43948781787444 +53.0167914 
0.01040498873675925 1137.997266808462 -182679.0760477205 -56.93821582997337 +7.8708524 
-0.06495408684074204 2582.529368359407 1274162.9651913985 137.29338395513273 +3.0986245 
-0.07518179013222859 2208.435620328532 1377898.3279053555 -205.27224418835382 +50.7445498 
-0.10100412587405781 1965.3434229426935 725259.5000515821 -129.29387953103216 +46.4166241 
-0.10740484611041126 2679.7289918362144 277570.83559055993 1.978660184142485 +58.7104146 
-0.08464480689231062 3237.74470188685 1238960.5922692039 133.90684002650687 +8.8663886 
-0.0677761844180888 2601.21679023317 1672472.9937580086 186.5303630626403 +14.3102721 
0.014658287519727392 1329.1401225920179 -196897.61883779123 93.00711979508027 +10.2142101 
0.031570374458868074 128.3804501972277 -210372.20649131192 85.02624857317906 +9.0550707 
0.08102654928584388 956.321070438816 -453455.78562280716 133.45268707329737 +5.3685871 
-0.07247253492501665 2115.9463715164543 1527049.658645726 21.814058000448046 +5.2288630 
0.04687472278696816 883.8699213622342 -388424.7335716876 166.28225752137428 +19.7737823 
0.025583945488824464 660.6297051826759 -280072.3252239912 162.78766167437308 +14.0470963 
-0.009264708045494613 489.30216608120855 -228790.44644140027 165.74928228704798 +10.9871815 
-0.016355109861974675 1546.4989392364848 -392315.30319102836 134.6880846075562 +12.1051136 
-0.11807911802964628 2680.5134188466413 901512.1314316257 -115.32812482163598 +49.8686260 
-0.06793130778710567 2578.1024765517845 1620604.3811619831 56.03480427417168 +10.3362573 
0.0038654680308781043 277.21954603503326 -71310.69275214916 174.10871142805777 +14.6017019 
-0.001169990154698773 801.9122870649186 -838588.6470714076 47.50557399245452 +6.7845400 
-0.02789186056748813 2002.5450792366933 1376724.9197525764 228.17898532759324 +10.4733063 
-0.02024573212852249 553.3860990085194 -674140.0512703406 51.906129998329405 +9.9954803 
-0.10007792972294709 3035.4738294084054 535488.4110507997 31.001532336661477 +32.9450134 
-0.14989795336760614 1910.929170494791 560625.4483855297 -203.90800388837258 +53.5350627 
-0.07334070774600067 2970.214328259815 940052.3906415959 181.46570232168824 +9.5759600 
-0.053694456989004866 915.5821930533264 -1034049.1965927564 -60.195821097536914 +52.5204475 
-0.039216000483006754 670.9076069089348 -1360804.9547048218 19.161530197969928 +53.1368680 
-0.014407459708561925 453.13467812554643 -1120961.0137939544 -145.78825419890669 +46.7579436 
0.02370806250224923 1246.72542083801 -316528.3462375784 172.6080821367603 +15.9059894 
0.052004110215638374 837.7474749698689 -643062.6384880209 152.8112526885067 +10.2953643 
-0.0391568606754868 655.5906683251376 -198993.43257029774 167.61977252778146 +18.1475735 
-0.02039890166210119 869.3859886948336 -848586.0882893425 -0.14689690760007398 +48.5655812 
-0.06761208457083027 2529.524444303271 566975.1088722678 -186.65800344833173 +48.1450208 
-0.01606473642154062 2139.6429966357828 1229051.8331805058 57.9054567993265 +10.8380684 
-0.07486817163246726 3428.2079295620993 1308502.35967105 237.52107245798652 +6.2927234 
-0.060027150257788146 2453.6416991011224 1386292.5072867258 271.93841893163767 +11.4368110 
-0.017059696415301043 1138.7469197099388 -1157545.3298112089 -175.78143228337336 +54.1844970 
0.04298166659970307 2186.6056928886655 1364342.5268162675 227.17879693241932 +6.2094103 
0.06491643922304195 42.54365205139144 -65607.21199732175 197.1477365004092 +11.3510281 
-0.10397134318297802 1771.5133021778538 683175.7557534928 -151.90761614748448 +47.7710153 
-0.10980223568736926 2517.84468053116 1546894.7008061223 118.34776580323361 +10.0162875 
-0.015014890399128487 583.8157636724374 -988229.2742838245 -288.87411870686867 +52.6247451 
-0.04604733488515924 3333.626356451366 1119019.397596598 -5.820825002334819 +0.0685605 
-0.09297206469457064 2580.3188375076707 599333.3337542224 -20.157624599786537 +52.7381811 
-0.09235057755362318 2471.0940126164 1449362.2603467775 219.62003855535352 +7.9326597 
0.018242805179370394 971.6080483239019 -121663.3514763372 189.31703000422928 +25.5706807 
-0.0324359012284301 1602.5878930729568 177839.97920209952 -164.0466236442716 +39.0595218 
-0.021344424036888913 709.2300252680355 -83325.36990829342 157.49739608145555 +14.7302814 
-0.053713291962628834 3236.4326425079203 1355300.2707925239 152.05289758743544 +8.8532331 
0.009456630509392697 894.3510030124152 -642646.0350055365 204.74439566642994 +11.5571428 
-0.03803350578150369 851.5890953726918 -969593.6815749975 -60.10867436326016 +52.0689412 
-0.0794186432031943 1789.903468169175 687518.0216988772 65.49957842712217 +39.8999258 
0.05939429737697751 421.0165708194077 -296005.014596879 241.61841477565707 +1.9155503 
-0.046006929568297855 2061.5341524563746 1387314.8888124381 272.8480489314038 +13.3167636 
-0.06755915237761673 301.24415025594953 -849552.8709311644 -287.5535218513896 +58.4664723 
-0.032724030549303736 2632.157137071781 1552554.5275785862 40.35022518066105 +9.4488286 
-0.11146513944640989 915.308178158273 -1308143.7778590866 -114.49273994464757 +50.2611249 
-0.05964585089844858 2974.7027935924666 715268.1690138833 107.44202032525136 +4.4437020 
0.037600960109814355 784.2487236177947 -474789.63016765966 216.59322755295705 +9.4324532 
-0.06107424974581293 624.841444056089 -1039963.2187578623 -188.81809023900345 +39.9576384 
-0.10214389298572156 2199.985702483879 819963.5061514172 -128.54120807299125 +48.0727005 
-0.12421732093652703 2527.9887122637606 331289.89686376887 -79.6979567897082 +46.2001290 
-0.042027781809239974 3033.657458077573 1033426.7595437821 214.9978905486598 +14.0492472 
-0.016514743799660236 2116.7127363241048 1596148.8010854244 125.40005663089131 +19.3664402 
-0.024442414342879394 583.1437131109417 -1340393.0806397721 -55.12952275924191 +47.6578122 
-0.029219843438104406 2587.3036994255212 1473935.9309251746 74.01443178441868 +11.8197806 
-0.10636672310062817 2185.751733546182 673320.5483878892 -143.65612458809855 +46.0573519 
-0.1006154131048271 636.58600617923 -1130258.2602850222 -75.42944129031325 +59.2368182 
-0.10127164502225224 2433.8662241117004 479222.97911740426 6.7248893841043005 +49.8336728 
0.04562824276605846 556.7172966103025 -385414.09564087354 172.89290973767964 +5.7696570 
0.03498768846409934 2389.496907511689 1153847.0587074663 47.74790151638593 +8.7667463 
-0.1268693455125614 2167.047981026462 843373.4691142035 -187.6165253183184 +51.5355814 
-0.017225403990005834 962.973139844841 -1215823.4557404353 -43.90691694853085 +47.1993585 
-0.05206585141548459 2368.684515933199 1414329.8111613241 18.54184344667872 +9.6219927 
-0.15310150661112754 2156.560306751697 429515.6518367845 62.517727586010345 +44.1267347 
-0.10832073717518237 1230.471392298603 -940306.971050718 -49.615120250715826 +55.6125394 
0.0711468631626044 1288.5136375413015 37041.66238188745 223.11956932407736 +11.1659593 
-0.05151499263443354 512.301942839101 -931522.3380053531 -107.4927231420832 +44.3700345 
-0.07517059186397439 1690.7680753702762 220807.48970243934 -72.02017385441297 +45.5326520 
-0.0994688689753864 2087.1809553568255 862255.8479960929 27.172365025308107 +47.2629838 
-0.1234508815356151 1917.6974130660735 906400.5166471229 -98.15107491728409 +45.5699214 
0.04963741260222058 680.1175193384485 -320779.3038031018 41.07599799585958 +18.6344275 
-0.0013415704004920105 443.71508846258075 -510424.8836918204 187.45814678790623 +4.3115004 
0.023051774760954453 1264.6253338479264 -370429.5923007999 125.5892507599526 +17.3497256 
-0.04128531317796095 2333.775853898682 1018654.0152677329 168.02139696441864 +6.1914096 
-0.10386958743335806 2466.3147728249933 881005.120733422 3.858972320651245 +39.6743121 
-0.04950340182070989 511.38777615403217 -1345294.6847544177 -147.8431843728117 +58.3325077 
-0.021932774128804983 447.2742637882268 -438768.5525679111 146.46393276385356 +18.3016633 
-0.09673901476026918 1012.6851829509926 -854878.8852852146 -36.67061034016658 +55.6555881 
-0.06092163845093084 1948.2037110335878 1925087.3553523335 26.695333656967478 +10.1798433 
-0.013695225285091856 2357.6488277541694 1276648.6284563495 99.24760862280075 +8.0342985 
-0.05066868044080919 2380.486108230451 956954.9490485765 83.74585399481256 +8.2515032 
-0.10785801311955376 2808.657710111185 758257.4125989462 -77.41421664651561 +50.9058454 
-0.005002343466093357 1678.7062253174636 -1506508.2093189575 -46.46150979099328 +60.9777730 
0.018520607084356558 1449.7929683113493 -388876.03236039 209.1402823069081 +5.8823818 
-0.14201385893704518 2496.180664829015 631719.9528190263 -97.89431883297979 +49.2887784 
-0.06283192010599183 1910.5375050511395 368074.02391330537 4.7311367487742215 +46.6387934 
-0.08530936773108931 672.1783630977005 -1185835.1231111188 -163.73803244046815 +43.3077294 
-0.013493276854202471 836.4428819368533 -485780.8865666168 90.23873935715409 +18.5871598 
-0.027814365871623295 554.6519464719927 -1346783.1209036855 -93.9426378483375 +46.0870288 
-0.07981561790513497 887.2684908215118 -1241519.1676387861 -88.4269001816174 +41.0122010 
-0.06573811076059749 2131.397211865594 961545.3628106723 199.8421410601659 +8.4105656 
0.0067894441703580865 1108.967208400779 -489479.3110509085 105.62807882880145 +12.8225258 
0.06315386752710672 798.2258502560402 -570259.3307491984 45.669027013763944 +6.4006468 
0.04367032102062789 1212.5754189775944 -723373.3011856297 145.19386168765567 +13.8058786 
0.030701475927578464 96.8480062417726 -340348.08881352795 173.72050127415986 +22.5279938 
-0.07505931256219009 2361.728200874089 391990.5715271562 94.98094095284003 +46.6395296 
-0.06341444218591519 618.593907626036 -1267566.7939905433 -19.846020069340817 +50.7861739 
-0.04618310970095125 606.9547798387097 -1596690.8667267433 -46.96441814797814 +46.7881106 
-0.06245891617368403 653.2397383985283 -843062.4759652169 -145.151619790429 +54.5664000 
-0.06937767075572725 2180.0345459636774 386683.3541158918 -16.651978659002832 +49.9667206 
-0.08970967309242546 237.41269102143738 -1040879.9962105076 -49.84717222014854 +49.4460252 
-0.03838323116016242 1162.6292344407402 -1328305.1501855303 -53.48042535208288 +46.0632906 
-0.10553067133424769 2098.290020241766 358334.68772690324 -69.08639977313261 +43.9471822 
-0.04778539990231283 2363.9443553140245 974958.8455316162 205.50584892463652 +7.8228704 
3.7017924450290116E-4 2383.7861854670296 1211147.4180694357 109.51739095968465 +6.2315676 
-0.11781111879617273 2085.372352202912 815432.2471977756 -29.513096506660705 +58.0145889 
-0.07848834958005037 2953.566791519041 1024637.872535845 129.6217272567443 +3.3277192 
-0.12866684062135722 2189.8170000380765 685291.5214782256 -56.02258130661652 +48.9028819 
0.00860281558768577 529.5549684618369 -1371779.2515973651 -70.83363130755174 +48.6602459 
-0.010564544521027284 2633.704529319592 1460620.3175153288 111.49623555794231 +13.0243312 
-0.023716503071342127 866.672067270052 -1291676.5854450082 -137.17780056429288 +52.7711938 
0.004766264321292601 984.4822526980291 -1283218.458895582 -124.10053093221443 +49.5532965 
-0.0325724687431713 1759.5917399990176 -1349743.2590713082 -216.89529787364717 +47.3532162 
-0.06978551994747809 3136.055421639213 837828.6308002308 -72.1867625012336 +40.2690094 
0.0981883475587568 800.0429841073066 -575035.9829301006 152.18301281055275 +20.5455813 
0.01355499572450082 1662.199643656046 -551584.1595983092 158.93348780899925 +12.8455471 
0.008975975826828624 364.93079415140966 -660223.398963208 154.6815068791727 +10.2940082 
-0.04954489012064272 2493.684220586289 1458090.693506917 115.62322060048939 +1.1453579 
-0.021589993239532212 592.3274456722282 -1784994.570276049 26.408934847786664 +47.0145896 
-0.03344538659307658 569.0431693633174 -975090.6182044653 -170.23364344343227 +40.6618559 
-0.09042156140790363 1925.0084272136385 860717.4254389403 -79.21875671137286 +42.1479033 
-0.05486886839418088 257.34184564995485 -1137732.3034927468 22.568308043315064 +47.0026763 
-0.016418201999466708 327.1169610358094 -1401342.839054241 -20.801912194044824 +49.7536812 
-0.11349922727960732 2310.0088703834926 630765.3842772463 -103.41997429081509 +36.5879742 
-0.0063369247181036805 2614.228851947391 1162116.9560211648 265.2508254581905 +13.9314174 
-0.05480433600085156 892.3643989947374 -1111319.5093560668 -27.654161654385394 +54.5021226 
-0.07611777779007803 2009.359899097807 779497.335034175 -91.89855491268828 +54.3747341 
-0.012257135413954184 1314.068096040051 -1090538.6423830166 -213.62453281482325 +41.2828725 
-0.0896206340203145 1120.6002201387923 -1188280.6413650403 -8.483089870095254 +51.3937141 
-0.06219222321876061 3094.411114781958 1164806.5277702052 91.99855899907645 +15.5874329 
0.04065554177475564 1314.2903072031331 -455355.1814764007 136.78730367536653 +10.3510770 
0.049636251465731605 305.53551994230713 -290300.8796270571 109.6901279731059 +8.8557171 
-0.1177306877647637 2021.165272225543 64058.2500053048 -47.686192865159235 +48.6506581 
-0.13091151842046775 2137.5164860043456 457387.0386502059 -101.83653568523027 +51.9496324 
-0.046674315094881444 2414.9399744837347 1196954.2707159715 180.6933649424029 +6.8853942 
-0.028029187286856744 640.4818025047128 -1372936.0977810717 3.389487177904409 +36.0123289 
-0.0496303229707735 2623.0168840610636 1606824.2281527796 219.26759367495663 +10.7132084 
-0.09114693677029213 2630.963411332672 1300649.9078677476 382.1266088587812 +0.8180017 
-0.09611451313035999 262.82708404800366 -841906.4812000679 0.7795701008833493 +52.4161429 
-0.03667139219697605 527.8336738975935 -1336498.253927644 -40.30022313746696 +54.3753406 
-0.05892067650199084 459.7892574946659 -1114394.4012160345 -178.69920290773706 +49.0646322 
-0.059333125580601845 2593.376968164767 1561271.613708318 123.3673225398912 +12.7286537 
0.06834465004763125 1330.5101970672856 -323780.2005039492 223.83771845975372 +13.4095440 
-0.12581886309803514 3031.1584562142257 485863.7214537015 -213.03198813300654 +58.8558839 
-0.011141685179915223 872.1407843920354 -481396.1122976634 114.64067325957504 +7.0653809 
-0.034094450725637084 1036.742702637301 -1095628.0781960485 0.4921828320450908 +41.7142159 
-0.03904012179924954 2932.5431976662308 1443583.8015452304 205.5032191793538 +2.7496998 
-0.13474373775457513 1815.081479861264 396258.45103650977 3.396498602564139 +47.9039175 
-0.15383324589465752 2544.307205551508 594066.076671285 -44.70570300021757 +47.2651712 
-0.08952235051538754 2231.647250680281 257219.7816084963 -66.53082584757732 +40.6175654 
0.051050917641159085 565.6157512142946 28042.816183714956 150.38116519177734 +19.2649566 
-0.09140576972436713 1794.3482950928344 375427.39732179645 -95.92175906776798 +45.2790025 
-0.041921928587586824 1840.9147348936203 1540690.507684105 120.65219721015116 +10.2845110 
0.05755947842892568 1371.5649326566333 -472135.63018511684 205.54173959973585 +15.6638514 
-0.0038451928014168525 1138.3499483949354 -427490.18969280634 92.16821260849164 +15.1603310 
-0.04745286827551001 2276.3532200518134 1401794.6511982502 215.61401810752773 +15.1752051 
-0.0767252419749664 1004.7059943874702 -1144841.8832139876 -96.30219063428692 +52.1184732 
-0.048764718047793955 2987.931379338201 1214681.6251994504 84.65892147368587 +9.6499314 
-0.02106874343894991 2708.7072147402414 1032631.6222571083 113.40227715180313 +9.4881408 
-0.0576761726460672 2462.2012928015038 745840.5403412741 -159.72062995345252 +44.2881619 
-0.10631092156051399 1585.9543835309964 72914.13301098473 -101.76358146125895 +51.6959164 
0.07946048877589296 1175.1256258257629 -446371.8110625968 127.57571903773245 +2.6962361 
-0.005577787079343568 2079.6293818982404 1101048.8629480647 182.22241613713427 +2.2491063 
-0.002908267302557085 844.5654561136142 -991063.0644416866 -92.17925901399184 +46.2777958 
0.00474706091012886 1727.8197375406114 -409794.5881131778 26.262163341784923 +7.4631833 
-0.0451799435983505 1899.4050403203867 1632299.522811628 183.7775287346251 -0.1177435 
-0.08162258074222545 127.19921073022127 -1102711.2952441599 -116.85697316084067 +43.6346815 
0.01391029232535182 1220.3434052667974 -469339.2022768951 236.4268033578045 +13.3638573 
0.016325590199697388 913.6217212463486 -370124.9315773346 162.08006102608593 +24.3037709 
-0.12432933711339088 2097.6186368856497 379537.5734548808 -154.3195093476087 +44.5324360 
-0.11012915143288406 2814.362919768542 1145910.6420093614 104.55472966584715 +2.7781801 
-0.04187917866819964 718.2874653824744 -1745369.2094167026 25.101420329639527 +59.1902855 
-0.0013950608324021746 1222.2002696098327 -1114504.6943515984 -75.66373204710442 +52.4363250 
-0.028587526466442505 1794.6529220061368 651401.7198199464 -159.21051838112814 +45.5908296 
-0.060819692900154036 1866.0197193683314 632054.5853538448 -39.667904019284855 +45.8739517 
-0.07140227969585608 3002.8361597416883 1311535.519500839 247.69903869519692 +12.6614804 
-0.014833328845439676 2399.318329557424 1500911.766275798 148.6457472255776 +10.1787742 
-0.08013029705841987 721.2675858678631 -1207681.0990485204 -172.56046272393453 +46.5734795 
-0.12984153114588154 2117.701042235518 1222100.175950604 209.83682179656586 +4.4532941 
-0.044614235667969356 895.6743254535858 -1424825.670298645 -138.71808257863967 +54.8123841 
-0.04282874269115089 1046.8278932097598 -570061.820425151 129.4488353354663 +12.6202479 
-0.0249013758696928 2649.8478176518324 1376575.3486756172 178.66303561146495 +11.7941894 
-0.039170738489484776 2376.858814412719 651360.879901124 -58.573659216043325 +52.9069626 
-0.021133755917558315 2989.63844018768 1126434.3204282362 123.53235841986192 +19.2010753 
-0.00417570360413791 1007.8197306930398 -432540.6355442494 110.78629285039217 +1.6348035 
-0.030362055635259344 2214.7799015386227 1183776.111319717 168.49019977493927 +5.9556356 
-0.019264661113533983 1558.8962029651138 36483.94566414391 92.16272813270574 +9.0234040 
-0.09324956515066064 1503.6250681797317 -674716.661967544 -127.23671425805101 +44.1673679 
-0.015860007961942067 1422.9839095255252 -1460521.3557590963 14.977498493028301 +56.2743436 
-0.027067018234135803 2387.287838157451 1447896.1739346439 18.445177255775576 +9.0849297 
-0.04475320360910603 2377.2543401160665 1368791.7803898747 175.33912609292403 +14.1144911 
-0.0742130226981136 614.0978647465731 -1204895.088496767 -161.8810302481201 +44.8239394 
-0.02425496895332821 2728.756513994609 1081089.874690867 221.87408433771733 +4.8547030 
-0.10855468384816204 2116.4911923664017 856616.0921640357 -96.79308994409027 +45.6898979 
-0.0658058139497236 1005.3603957780921 -1275426.3701638342 -25.324779017681934 +46.4979805 
-0.08280501961985885 2466.6915532343432 618770.812493877 -132.99377992419815 +47.9997034 
-0.014427165534552625 2636.324946676179 1679068.0850345907 116.08407147436279 +11.1466675 
-0.09924609824111308 2136.289987772425 770354.636662369 13.152709758322581 +45.4013929 
-0.04510740606211166 1073.7122191167366 -1530819.2548349507 -31.588275350414172 +51.9932326 
-0.057146694407096695 1916.6050072296046 600557.8395413122 -36.389766084135445 +52.6666325 
-0.1197791334972382 2069.7953147219782 826616.1307849359 -165.52803698476572 +42.4711535 
-0.05812103306340396 1976.7775439342242 611377.3003347875 -28.267637338276824 +49.5669226 
-0.016848816165265734 1220.2908390143923 -1338096.4135132942 -88.9704275916152 +48.8044620 
-0.04857157862353723 2750.850305276254 1106156.1691601584 7.056735207833874 +6.8829521 
-0.11085912668213273 2706.300732022861 1256573.3746128243 234.25873143594478 +9.1374809 
-0.11004094971881806 664.2847039095025 -863131.303476762 -99.67680296965969 +51.0760762 
-0.052383221279287205 2947.6961784709188 1430480.926956793 136.64304020133144 +14.1829588 
-0.04715740369816278 2914.5661271199197 1386706.7693681773 127.41406900091674 +6.1636995 
0.0341131963810696 288.2420330790529 32312.076118009187 308.71774139271196 +13.7219395 
-0.04923615062708986 594.09811343456 -1146352.769267279 -75.96343449055544 +49.5770276 
-0.025663126065553096 785.9903838319574 -247963.9322145713 104.81628051714654 +20.4875331 
-0.02969969425694534 558.4915228013253 936.0846205226833 93.05725830471961 +18.8684790 
-0.07493480300329587 547.7588252938335 -1315650.9606560327 42.92712106621521 +54.0133029 
-0.12251539629259263 1888.4246666444926 627283.2607993574 -109.84276015968855 +41.9074293 
-0.0821904546387495 2271.621192983933 638650.6501273803 -136.52763384804214 +52.3419147 
-0.07345318167859573 2545.791769292742 1119222.7989858114 190.3891472808941 +7.5223794 
-0.020768734798612184 463.62722935391906 -425924.42470514 233.2649458988504 +5.6988379 
-0.09572319896880303 2827.601211763965 338768.4225397814 -50.67943312202552 +42.1858648 
-0.03107116392202834 353.4913672885266 -1252576.984935562 -108.91190040698118 +51.8520977 
0.05229537683798702 613.4624945951115 -179071.6030987473 118.55048855178568 +9.2606307 
0.0010976089252949753 1036.3740081217175 -745750.1522447069 117.13644168757243 +8.9969539 
-0.13245552850190215 2266.2109198760318 1499959.8678076556 -56.77725181366618 +8.1942775 
0.023777295265404085 1202.1112716353805 -1177278.998911768 -136.11736038940225 +51.3194706 
-0.1021870783312921 2694.4368831093584 703127.7229378066 -109.53095277371611 +44.6282640 
-0.02395007014200809 2337.868269295188 585187.0676350802 -145.61885876925277 +44.8286458 
-0.00602151985451317 615.3328936758471 -1181491.104245175 -187.0068817597407 +52.0018935 
-0.03279027115304471 785.6823255767032 -1299805.4477788296 -47.6417084922918 +50.9899386 
-0.14304278217310795 1571.1276184993922 804487.546490751 -154.1983382090784 +44.7291294 
-0.0384634277313189 1019.2103403623174 -1169886.5979791046 -55.50517800017731 +49.4424822 
0.042124792529938664 1630.7435788307096 -683922.2119320555 242.85157721083974 +12.0486819 
0.06294221690767009 1677.52895731105 -598318.6494278956 234.10244047331662 -4.1728022 
-0.08960387569464197 2352.684136638926 902463.2974293911 -151.01503707680936 +48.7636251 
0.05181127224027783 1138.9645875221033 -428075.0453770701 210.86882531489334 +12.1156025 
-0.0024582710892114023 862.9907139307322 -315413.93325227423 138.77875113425665 +13.3874701 
-0.0439597119609559 2501.212235340639 1686365.6216628293 175.57789442443215 +11.8646739 
-0.04287406050854253 776.8668903849408 -1016110.6370933587 -152.07737302880417 +57.5440896 
0.050586038784161506 922.7459930996415 -556656.423050288 129.34999305800383 +12.2681841 
-0.13310762945297228 1856.5313122362154 543764.9538115478 -11.17562815900617 +41.4941737 
-0.10243867651185891 2692.94204122811 106214.68103252491 -164.67738261903915 +51.6310777 
0.018479744011763947 2089.794224084346 1086611.3052549392 216.81392698945837 +16.9646010 
0.03577879085062794 726.890395660843 -493179.6355758781 172.58103227434344 +15.1228215 
-0.05655733948552671 2076.405159558982 1170830.921326257 204.9620670231597 +4.5214752 
-0.08087258705331599 2010.9110245185745 785235.363975102 -34.14177277303234 +44.3185423 
0.008447569406155644 1218.848547499707 -1263012.3526625019 -69.7146507159335 +59.4849783 
-0.059522089379407846 2240.7563197824243 1675913.5135445457 114.55649928083525 -0.4542382 
-0.029992010368043633 1251.8766276285285 -1277875.954567411 -52.11026904728615 +51.3851148 
-0.12753400683430552 2031.8571590039844 537821.2978983396 -63.66250033577984 +53.6484914 
-0.025732838913987047 741.4303576942852 -1358388.1342646321 1.9373698637502272 +50.4832707 
-0.014853481262387672 871.6274016241387 -431636.53233329265 185.25275682569557 +17.2560890 
-0.042542276921593174 2814.882227955643 1510684.548812519 120.99657581714939 +9.8255075 
-0.11430933211136889 1893.9838536387767 483982.22417110705 -115.3806348967967 +49.5105670 
-0.020015737785514902 881.0404463200476 -1098414.7680045187 -138.956367745166 +45.7317020 
-0.08658995613636251 2582.6722297398474 1310209.3568421563 79.13548636179752 +4.2275983 
-0.11030334423577749 2140.6723992214093 636844.2216677488 31.634718201184988 +44.0291201 
0.0013925375934934505 1261.561209028081 -83958.62498129248 118.34200101799262 +2.3040848 
0.025387166348265783 998.7980178380926 -190272.74982320378 -22.12108906083692 +15.1809601 
0.008742375261840863 840.4178533007121 -867262.029473192 -160.44544381525202 +49.8018916 
-0.10361660482082363 2884.518421649965 794293.884597466 -64.266773755323 +44.1513926 
-0.05669487833560004 1415.766161158519 -972980.2802730367 -68.35637436843766 +52.5517554 
-0.1297519449998479 2002.2103009945718 752528.0355730668 4.305962629626544 +46.5942503 
0.0030186645872007293 720.3892417573404 -265055.94377145596 297.1482563196006 +13.0179128 
-0.024305009470093255 2621.17303022293 909334.1951049421 137.16729633629132 -3.0058083 
-0.0472282776830857 1024.8659385339504 -811688.6286652006 209.02179254961274 +9.2555358 
-0.019584230437801286 2545.4685400580242 1564936.676358103 207.37819068308653 +4.3577500 
-0.027900546761607546 590.9773714725051 -957540.3744320221 -71.33328659954455 +52.0054148 
-0.058361377151846895 2727.9088136740193 1675058.8771257363 204.90413148472996 +8.0631126 
0.06855836615024541 598.9878869171825 -314431.58091962524 152.6747161658983 +20.8079288 
-0.02024636852063664 2826.632636068776 1170744.687025373 224.5748069250606 +2.2115248 
-0.02868337605065223 2380.546013742031 1331739.5629220465 126.41469202784968 +6.8282755 
-0.03788288181638158 268.8769211697523 -930381.0646426892 -78.10813007917298 +48.6963320 
-0.08776771697371824 2242.5794267104225 1682320.8545083387 124.52377239143485 +11.4354692 
-0.04289842204526304 184.3692279117097 -165722.02685306012 132.27615821289126 +15.2347532 
-0.061825270593924175 2243.0913638666634 1590481.0173057062 7.758312891118771 +3.8096674 
0.08070245822813396 1325.7642857731728 -47179.70974020535 191.760823158 +9.6614233 
-0.02821285898281878 208.91461770306725 -486017.31485730165 198.64220267197686 +18.2242597 
-0.09284401590233987 2169.569667872715 1434348.7743433807 200.9719467603461 +11.9863199 
-0.06212136039861163 687.7108249049421 -1231419.53741266 -94.40966290678763 +58.4312495 
-0.06646042697492852 3281.7782553225125 1587462.3472424708 42.72214108889318 -1.1171038 
-0.08824185142830579 1832.3963014108224 974730.9314265065 -205.03051785443796 +41.3688730 
0.02504861690831339 823.1380282618967 -728083.9339959578 174.86072268356634 +16.2061156 
0.022157498698516485 1333.9258755787964 -52878.204062083896 128.7691476076551 +0.0342316 
-0.029655995331773904 620.9541307704321 -271706.5243743937 241.72959066914382 +16.9652336 
-0.18200610149247648 1302.630654907464 661555.7375366478 -71.46149866899302 +48.2927632 
-0.028528230352087493 2051.2872122368963 1487563.8333931353 92.88495282032791 +0.6820208 
-0.05756339726457595 2332.8898528121367 1345981.053320371 114.79993697774012 +10.9517062 
0.0617134107238954 851.6096198810347 -156388.37595822863 37.30378145156087 +13.3145459 
0.035116273165478884 1152.564393632358 -585341.3841184111 111.75769789046642 +7.4346581 
-0.1687351376168161 2762.4114176916974 253501.51781972888 25.52611866037 +48.5052806 
-0.025485081415652994 1147.2336291655226 -441124.916030088 158.5667618995216 +20.4757262 
-0.12369323528336587 2172.3890236333114 567906.454346849 -55.484973589716496 +42.7842754 
-0.017330721302510232 399.1889627125278 -1146126.0133418245 -223.91076120250028 +55.6014546 
0.004367905187384304 1143.8676097972632 -477509.1455561157 150.5018568536081 +10.1631664 
-0.031233589053197 -387.6442286005689 -1231852.824942613 -152.7476519484581 +49.8034209 
-0.10566622285456106 2457.989558842951 1644231.4308152085 139.87064866891728 +5.6048250 
-0.1602465934903285 2687.9281675448874 378991.6607789767 -108.07907519791169 +52.3768774 
-0.04658967494369986 1058.4542646656623 -730021.5622990413 160.60135119652057 +9.3967092 
0.04802178049600977 947.7192045118866 44857.85377132937 -3.856132343277236 +6.9737976 
-0.0749834925824151 1908.2602854331305 709817.4500130974 6.589238049248844 +44.0627063 
-0.0994291782040567 2311.5939756210914 580542.2444709021 54.49582053519585 +45.0249502 
-0.10622240723277787 2488.050656078024 382035.10962640727 -22.53884604427144 +46.3388123 
0.040949052516664704 1488.9305686717066 -169595.0578761595 119.71835732534223 +18.7136022 
-0.09890424402807668 2229.0359994547416 532227.3089439631 -33.988026725193905 +40.4973414 
0.008528670324000651 1215.036247161725 -481882.350549376 76.05069187330132 +3.8830668 
-0.01780260047276343 846.2023015398146 -870819.5379257874 -230.77938294798793 +51.3844686 
0.010882919214483816 542.0935526441965 2898.970630740116 214.3878228376172 +16.7714557 
-0.11065151771085964 2049.630938425477 220323.62728412804 120.80125176289901 +49.0275186 
-0.03164074602896404 1280.7259051500316 -782856.9919692569 0.14761612264933618 +40.5939646 
-0.045020164518603814 2697.1387312939382 1504373.1395565628 52.45204741526015 +12.3502957 
-0.17955632679622763 1287.7028718042236 938650.9901283251 -30.0715282654486 +54.0224052 
0.020060709494914637 541.2519366012351 -865405.3485373763 203.3065667579211 +7.1468268 
-0.017299817208265327 495.54838398634473 -1024977.1158777783 -130.22725838055314 +49.8516942 
0.03395607451751883 804.2969267490387 -232059.7278007762 53.90059447214415 +10.4973401 
-0.01792167278675256 559.4784943019795 -277391.59320291516 127.51840681901204 +13.3048540 
-0.02733091999557612 574.4374295421087 -1194540.956116901 -43.91240880088137 +62.5812300 
-0.08617065188655701 1999.990048007304 1229264.1807250038 -158.6244208167786 +33.8694311 
0.03401368475101005 554.3296545019742 -423699.36438351934 75.93426755409614 +11.3025353 
-0.08250571436027888 1820.5955987207428 617742.1580167336 -5.1836373515115595 +47.0673745 
-0.008269904358569244 177.2907507247683 -969548.9977518053 84.10448781291542 +48.6320727 
0.008736469096430619 440.66991545268365 -576902.6993361197 -64.3645390543527 +64.7579477 
-0.060564778781729306 -166.27781107201355 -1209666.4224419005 -34.16524131333211 +57.1361820 
0.02523104931436893 1540.1024571483633 -599137.945716138 109.81218061110684 +7.2761934 
-0.09169034864713028 2984.6276642437197 423955.8354426735 -65.17756187573252 +41.9251742 
-0.05291406162067745 75.35420734062997 -1168664.1863060403 42.147591536437204 +50.6958678 
0.04025316332223168 857.991486994175 125043.12004462468 145.389779555357 +19.7394437 
-0.14853658782293197 3160.85382524201 881731.6468312657 45.428868199827235 +46.3550569 
-0.06198434629291312 641.0267186697153 -861160.9487728749 -168.93445337844506 +44.7643649 
-0.03461795581055374 2141.5763830815185 1486822.2227878335 74.20586838912077 +9.6129867 
-0.011982727600243475 638.1740026401402 -101559.95699740064 108.39427580360372 +12.1414184 
-0.0637470742956834 423.8194847331504 -906180.6065024966 12.207063681858836 +49.2080152 
-0.07655837326377263 2302.863037224899 751593.4691069573 -66.01320124419988 +46.0843156 
-0.12243300026097147 2352.107591761763 491955.4271592403 -43.52200043073034 +37.8049688 
-0.19404779026385696 2351.9808068538023 619757.4344401746 -42.067865626155914 +50.0976521 
-0.008731936198214062 2501.2330775658293 1295286.34971157 99.23814080212661 +9.5317894 
-0.011452456662323784 2789.652348988213 1450525.006986296 4.035585718773912 +8.9874394 
-0.05794800139699952 902.0200999328598 -1003914.7987276001 -3.2622488149841673 +48.5654068 
-0.06603700292354196 530.7074863258371 -1449609.7069952649 -52.465244089343535 +45.6626388 
-0.06344165073998846 316.826096462176 -1239590.5606161538 -64.08991324228597 +54.6106614 
0.05325556972572192 143.1258320583666 -511802.7449861486 33.67080125251702 +7.1551093 
-0.04538918262661775 2242.582524449685 1624753.378225031 56.347585366672355 +14.9706064 
-0.06305869899410689 2348.715297210222 1210938.9613825371 97.99326438234677 +3.6544467 
0.07538380555176157 641.4693141240077 -163310.29301270845 50.727893463216574 +9.2993463 
-0.020534899773371845 470.3425244125796 -997725.658810888 -7.458186295202812 +55.3066449 
-0.11808759209306095 1799.8101495309133 532231.0151188604 -113.34539646211226 +31.7619811 
-0.041933696259311586 707.985369518285 -1203364.2598418957 75.00165955557671 +47.9391452 
-0.12995823652779698 2299.9065707588 1044598.9204747003 239.80378725869863 +14.6996056 
-0.023844306238546394 461.7713817047951 -308169.1501422321 134.35155097701832 +17.7534667 
-0.11295663043126626 2337.6205136975727 935654.1752282091 210.8654062771976 +4.6434667 
0.017520310328656447 642.7817706489967 -583779.7291034139 52.320475320632816 +15.4863162 
-0.0689732603143476 2633.221488510624 1276543.6191241865 135.10922743414568 +3.4151713 
-0.09392104814927742 2080.9268580738735 569033.951632044 25.344024474743726 +53.4199122 
0.04519538448069902 594.7706882288542 -521743.9487562748 110.11041511820089 +4.6542440 
-0.05785815846116543 2203.2557713642186 417332.84768747224 -71.44832412460345 +42.3843061 
0.043917129513177694 1208.5887715195931 -229188.4063616477 92.05679328837287 +17.2741499 
0.0745326255167027 1412.5904382960189 -742688.416679582 225.70345450459743 -2.2844906 
-0.0029612553196402902 758.1415172337539 -199880.92059852218 224.9426319426648 +20.4055680 
-0.07305827245983255 2394.2330331269022 570859.6246552473 -56.323102548739 +43.2316150 
-0.03933887998490684 2698.5324439026535 1175921.7719965978 86.49365012920063 +15.9290850 
-0.0458440243518501 1743.5706137946086 1469828.6439807985 8.995333269591304 -2.6859542 
0.027241959076882698 1045.4066663220583 -535461.2533029877 -18.324083571173645 +8.9971652 
-0.1345039407400549 2629.6631392487807 696435.0597205784 -63.520401883457126 +49.2728184 
0.011845099431978687 1058.790234345962 -118427.46638383603 76.17019221994796 +10.6149823 
0.03209612366334513 911.8340397468377 -373734.7177554033 163.593318995992 -1.7077369 
0.015445426411509982 1120.5961215914608 -539995.9930560259 140.71778810160828 +4.9201578 
-0.033118102410021985 752.320325041248 -1069973.375248145 -65.71145918063482 +45.5405530 
-0.010650870553072659 286.2851514724508 -173913.70634721906 200.33730771259485 +10.7787833 
-0.09709996073672998 1757.573539040864 734880.8208613124 -121.61134239984719 +41.5996156 
-0.0790921852134107 3387.781224865038 1492683.5446484028 160.14708390655966 +8.7210564 
0.03801055100629866 1284.481397715696 -177239.9607549957 75.60368312291448 +9.1864070 
-0.045893316828761674 700.8229991977835 -1544809.511024293 21.303400562342677 +45.7813172 
-0.1335155791276885 2152.0511739381204 894003.3522248846 -70.94731523300513 +56.5255185 
-0.05748776708595781 783.942746407891 -1109355.7875783686 82.23125717843017 +53.5194850 
0.013069517859597948 2118.61355679298 1682171.3929889146 190.93737725082934 +8.3689663 
-0.08526063349287434 2218.8691874241817 689295.7273030544 -39.04082595025661 +36.9366912 
0.02799924336317003 914.5825446504606 -439766.2147835186 85.75130954989294 +19.6147028 
-0.032256661947719235 1848.587199612648 848261.8950224995 209.88344168488726 +2.9472503 
-0.031708817655629926 569.095211382924 -1169493.984466564 -274.36429072169375 +51.6190318 
-0.05984293148790344 2539.5899046595055 502582.14494654705 49.38935680261127 +49.7783500 
-0.028418346647044738 2623.29393315201 1187823.0477134 207.09154107070904 +4.8935735 
-0.0964668510661189 982.2215384702432 -1450898.8079049743 -18.91584264885966 +45.2302550 
0.04428585733706938 736.4294150867521 -61653.15222135712 133.70782768995258 +14.5336824 
-0.039363096379566226 463.62039844169965 -1463209.2434523136 -83.02452555979023 +61.1457271 
-9.517746481898697E-4 833.5660194268746 -934203.6991997014 -164.13019274471355 +49.1652536 
0.032730160010192626 1097.486700749525 -283134.03887760924 89.76752441000671 +16.7734876 
-0.05927859682471597 2628.3942893610997 367102.0670256176 -52.13979374712894 +45.8067428 
-0.05595827121063552 2170.538037051953 416197.40278566873 -58.56880912481369 +42.6975821 
-0.056102866197834125 2313.822902278293 961059.3186323073 -85.80991635570204 +45.5271279 
0.06447367778320448 973.4461514870977 -562357.0960020048 230.81136404384515 +8.9464753 
-0.05105861017039852 161.2934532839154 -72550.61171930193 134.77200040653472 +18.7633161 
-0.08592291671777083 2460.33526232742 1463253.2104562055 128.6108354663244 +6.0287676 
-0.07024492806524882 490.5673781109868 -1193442.9611107663 -102.12614698829778 +49.9110034 
-0.032113987301637 1787.1635892779593 1536547.2389150285 62.78563334771937 +1.6118679 
-0.10336282950934 2478.022432136307 626698.749438775 91.7707116714702 +40.9916086 
-0.029693151699420956 3499.3411097263893 1483759.898742235 243.52697915461377 +9.4236316 
0.06831475078304027 826.9021150682835 -365297.31010094815 172.7700051064665 +15.3638461 
-0.048969256706235656 1088.0454745692505 -1542917.0423371247 -168.13927446685156 +47.9667680 
0.04178211212363128 985.6048098633179 -431603.993745406 192.36809515105628 +18.7080945 
-0.1573913030400807 2216.889747921413 746928.4560541916 38.78238063265712 +35.9312536 
0.03719168182700017 1101.698101105388 -656189.2714104706 91.84112466893413 +8.3306613 
0.03412834697929587 1348.1589866810045 -543020.4821894758 115.0686652264029 +19.1840880 
-0.17228299015886506 2253.829128957872 865408.3566742651 64.07395404475696 +42.9707329 
-0.031414089953362236 999.1028353815033 -699633.144333299 176.30249805414036 +4.1450940 
-0.009236796110663595 1074.3514177562097 208835.2551353432 104.16509952326226 +8.7397979 
-0.03638251483624894 592.7593181829202 -1148883.5639762075 18.389137494449987 +48.5028209 
-0.059517455998225895 3545.6064492708792 1751801.673488372 5.855373142675532 +4.9999276 
-0.00412947027528381 571.7793627391028 -481698.88863152725 255.3624447060715 +18.7353973 
-0.13168599645861098 2000.1575483292618 144369.08173453913 -177.82464478439886 +43.6608263 
0.05844320377999751 545.4432095948144 -493834.4108789609 137.1455539121098 +6.2395917 
0.0017548456723740044 960.8718400452462 -920458.5482578139 213.4732984872338 +10.7783874 
-0.0174480519117659 1272.8980133492487 -724355.634736987 79.6518053132394 +10.3309023 
-0.07975921346722845 2293.749837803739 -27216.404916129773 -259.75893991312984 +33.8230982 
-0.07707625130262734 2194.582863950207 1035525.8036584626 230.25935727283064 +13.3560804 
0.04433413381955311 1262.0916690765262 -823741.265942105 219.6520122746461 +8.2591905 
0.0043174515739837546 1223.9995318884319 -499562.3573964551 163.62817326376395 +7.3092731 
0.00407497501371973 2527.4918031144025 1897972.175338087 151.24421587432732 +11.6134366 
0.017158593982794308 1051.0738770444643 -77112.13359431791 77.78279407370981 +5.6608651 
-0.10063174716909024 1878.4079917101787 389432.6816747214 -137.8497834703712 +45.5864590 
0.030026096422859277 410.6137428287451 -831552.1015331943 75.22345810020455 +9.7463437 
0.02531908355682596 760.9808256123682 -344233.7784272396 71.37243402791822 +6.0074506 
-0.025178809337139195 1845.9606185492212 980164.9538589626 49.60111584280787 +11.5466444 
-0.07473421667482623 2613.3574022924568 1062705.5694046824 136.3975702608771 +15.6829007 
-0.09515381782779811 2108.127026298866 587681.3170805575 -45.14114898558162 +54.4065146 
-0.054134136951237005 403.06985811786694 -1218359.0584600416 -70.99357366966073 +53.5906473 
-0.03623979553107098 2231.612762516494 1561044.5353706891 217.16193117796135 +7.8061177 
-0.10188457994636747 1694.672354735585 767077.4734209056 -74.07205013057033 +43.7167946 
