0	1.009207177293451
1	1.0069640605658614
2	1.0162499818744917
3	1.0101926307591194
4	1.006966551531693
5	1.0064315125753072
6	1.0051949247425596
7	1.0059580600384364
8	1.006967025263387
9	1.0157556067803177
10	1.0059761741593052
11	1.0120053701011735
12	1.007074001475299
13	1.0060833096522594
14	1.0060965417660297
15	1.0057382792591665
16	1.010506669230579
17	1.0080896455570387
18	1.0015234317181005
19	1.0192330019150169
20	1.0071197142216795
21	1.0125626145308861
22	1.0071300202676223
23	1.0113543312595645
24	1.0020442394476892
25	1.0059956806090427
26	1.005876905054885
27	1.0060180781101522
28	1.0133994588174875
29	1.0088180702081369
30	1.0103915174454476
31	1.0143836459674318
32	1.0030794851770821
33	1.0183224804848314
34	1.0159860415070632
35	1.0036440163987428
36	1.0091183033115243
37	1.0067921245553273
38	1.0034245630647467
39	1.0051490318933347
40	1.0059518240913377
41	1.0045986854482547
42	1.0034321126917056
43	1.0057638175930759
44	1.0048339196063236
45	1.0056218995451698
46	1.0044795241455258
47	1.0114728214104696
48	1.0073894407521935
49	1.005687214939554
50	1.0104302752703336
51	1.0066119809200322
52	1.0058991511163178
53	1.012627868298055
54	1.0086307445679514
55	1.0015211049315695
56	1.0070469474482575
57	1.0124714195611701
58	1.0180813649002254
59	1.0154291586539888
60	1.0065685268556275
61	1.0057235723481084
62	1.00443680409702
63	1.00390415777511
64	1.0062135590294619
65	1.0122746431974794
66	1.0078304052852491
67	1.0218035135408459
68	1.006017879322806
69	1.013181197576443
70	1.016116924057788
71	1.0059485061971851
72	1.0064641984831975
73	1.0032825292859964
74	1.0062041533116115
75	1.0056701486702806
76	1.0046189827291685
77	1.0093845997759852
78	1.0056232427601075
79	1.0110166123347688
80	1.007027810497889
81	1.012216761925943
82	1.0079921211837561
83	1.0036945451984007
84	1.0057047107821155
85	1.0055680391217456
86	1.003818134229763
87	1.002801846504083
88	1.0026267516368093
89	1.017205709592294
90	1.0056123171041829
91	1.0054624188908223
92	1.0129594821852705
93	1.0046823961949938
94	1.004557576883403
95	1.0050148997720036
96	1.005054446723622
97	1.0118449246161654
98	1.0170312017792822
99	1.005018934028191
100	1.0139646290326465
101	1.0162844681715826
102	1.0052821381366779
103	1.0052430234465937
104	1.0134340570283735
105	1.00244613044837
106	1.0027676191641437
107	1.004960396059296
108	1.0050621458651294
109	1.0042668259181164
110	1.005851998678865
111	1.0135065335000697
112	1.0080057044479034
113	1.00440086491073
114	1.0098882293057623
115	1.0071556062560614
116	1.0052541875263532
117	1.0054960442758514
118	1.0040301134373542
119	1.0036427599450755
120	1.008294532496912
121	1.0093034873614997
122	1.0050185288527074
123	1.004998552370382
124	1.0037478757084481
125	1.00516817912809
126	1.0040928660227708
127	1.0052629021355977
128	1.0106886222221094
129	1.0182472414271855
130	1.0046202408001865
131	1.0107520975897533
132	1.0019464699389458
133	1.0161769683123456
134	1.005122340377712
135	1.0032883549903509
136	1.0061007460438423
137	1.0145784490767797
138	1.0146091199588705
139	1.0140388874595898
140	1.0084635617696125
141	1.0164266665371111
142	1.002717739001137
143	1.0085991606217777
144	1.0071598974636937
145	1.0045337082985806
146	1.0006278461626428
147	1.0044949204175826
148	1.0047648565799232
149	1.0047434115425005
150	1.0037854104557142
151	1.0091872931804453
152	1.0015997913124488
153	1.006920275422283
154	1.004731224054397
155	1.015300910372047
156	1.0063745427259922
157	1.0042991790994713
158	1.0044113518761757
159	1.0039686150619622
160	1.0045891673521605
161	1.0093635737572457
162	1.0045376876608942
163	1.0143601801776894
164	1.0040184321437193
165	1.0044460324276974
166	1.0043734128404518
167	1.013356246533605
168	1.0022123621473416
169	1.0037443312673575
170	1.004437735963778
171	1.004288065069518
172	1.0043646742531989
173	1.0123166910130534
174	1.0080858744218801
175	1.0050587848676087
176	1.0105503284836475
177	1.0041048682901843
178	1.0041879535199363
179	1.0123270293524795
180	1.0073738979723506
181	1.0008138217690847
182	1.0071155890996164
183	1.004111540436044
184	1.0045285480202322
185	1.013903061709449
186	1.0018248208896474
187	1.0040527974658915
188	1.00449282481829
189	1.0121598029723116
190	1.0040074223162558
191	1.003947620431421
192	1.012409170418593
193	1.0065467739128766
194	1.0021202724373826
195	1.0030967314145771
196	1.0027035613647337
197	1.0124886069551353
198	1.0072046208070045
199	1.0052062299406797
200	1.0033269424001885
201	1.0024766425664489
202	1.0034746920220572
203	1.003316144537094
204	1.0103166075452672
205	1.014469202001901
206	1.0037904223553045
207	1.0036931718039939
208	1.0015153596812554
209	1.0137477730783835
210	1.0034438053542976
211	1.0033563447620426
212	1.0036818714719145
213	1.0117404253791364
214	1.003656384799407
215	1.0086834261545343
216	1.0053386367912112
217	1.0035062916498498
218	1.0135266471856235
219	1.001159076069603
220	1.0029388399392387
221	1.00313685651603
222	1.0077009846154352
223	1.0000605458251253
224	1.0029800207107442
225	1.0030970953752754
226	1.0018445503452935
227	1.0025853402608955
228	1.0088030153672758
229	1.0058912619916913
230	1.0103419315891906
231	1.002581326598812
232	1.0030911519272534
233	1.0003993009231649
234	1.0109255015440937
235	1.0051646953920323
236	0.9998371069024665
237	0.9995100854191573
238	1.0034020541309494
239	1.0007969395880658
240	1.0010161667618602
241	1.004771528072913
242	1.0029553832900255
243	1.002472493928389
244	1.0008566644447618
245	1.0020331633198754
246	1.002100716734224
247	1.0020852638076492
248	1.0023322538583355
249	1.0046559434455886
250	0.9988373451721526
251	1.01119305500314
252	1.0104957303693438
253	1.0044950869948506
254	1.0029145917244762
255	1.0076589678205528
256	1.001448619960263
257	1.0018581414564594
258	1.0010455257235154
259	1.0072104870055472
260	1.0033116091261176
261	1.0042125400703255
262	1.0060204862748032
263	1.01120101356336
264	1.0006403044903378
265	0.9993200375703768
266	1.005040376003625
267	1.0014874691131528
268	0.9981730228841735
269	0.9992023362375607
270	0.9995945417793439
271	1.000501885735535
272	0.9992360410853078
273	1.000597699497026
274	1.0003093826783622
275	1.002266093373628
276	0.996849951170051
277	1.0082380369330908
278	1.0052827077966462
279	0.9997891051704354
280	1.0034443932740098
281	0.9990665788391987
282	0.9975388383322248
283	0.9984503681035932
284	0.9966486664502154
285	0.9983492372095877
286	1.0024523386891122
287	0.9958191614594116
288	1.00517642669685
289	0.9989994923146882
290	0.996466672487782
291	1.0031595189415379
292	0.9984640672726248
293	1.002234837595004
294	0.9964197581518927
295	0.9959985166369032
296	0.994378441907915
297	0.9955035710867383
298	0.9945431385922051
299	0.9990979957445281
300	0.9954961993815303
301	0.9938133533773311
302	0.9949104251346458
303	0.9943880607916501
304	0.9952916995316275
305	0.9930208295044411
306	1.0019190744037676
307	0.993587919036943
308	0.9938770562415866
309	0.9931071878586056
310	0.9928061781030267
311	0.9914442230502258
312	0.9924271441106381
313	0.9907223146134495
314	0.9915241603510546
315	0.9905921868680017
316	0.9908901941841991
317	0.9904772541899203
318	0.9901671235264697
319	0.9959685906743871
320	0.9975100159669013
321	0.9962777638925187
322	0.9884885563771115
323	0.9949478320673774
324	0.9939767359161886
325	0.9870939352681376
326	0.9932676038533962
327	0.992494501441326
328	0.9859753372083522
329	0.9904354851448377
330	0.9859781748273789
331	0.9838753419625671
332	0.9883024569882088
333	0.98266550723382
334	0.9827766479996083
335	0.981658993024717
336	0.979475637287528
337	0.9790987120450081
338	0.9797183002629377
339	0.9855495581611051
340	0.9794965296253005
341	0.9775261902616645
342	0.9787131248347308
343	0.9846356812226936
344	0.9737299917130091
345	0.9763625172522628
346	0.980315646759387
347	0.9722371875927218
348	0.9710339270606845
349	0.9719668986551011
350	0.969425555188969
351	0.9724851570666495
352	0.9675764604936862
353	0.9666965507575482
354	0.9649250698119953
355	0.9644070032805213
356	0.9616843546475464
357	0.9668419292654511
358	0.9604666827692641
359	0.9598115501652311
360	0.9611993306261521
361	0.9583201624210079
362	0.9553986979594803
363	0.9553348407737383
364	0.9534261398694368
365	0.9554564769805931
366	0.9513420880020285
367	0.9497158255485126
368	0.9516293078850898
369	0.9520743273750716
370	0.9430516174089119
371	0.9433539911941662
372	0.9413094519773788
373	0.9433124813124871
374	0.9380209451324133
375	0.9353037537491224
376	0.9355334429482397
377	0.9329490772352156
378	0.932108127787074
379	0.9291180898900413
380	0.9326548270104267
381	0.9261879950428713
382	0.9252857223610026
383	0.9258552603105752
384	0.921412376658337
385	0.9203270380207091
386	0.9168359869617799
387	0.9151321314973292
388	0.9123641804487308
389	0.9122387695958742
390	0.9079438975586076
391	0.9066946920069289
392	0.9044107780179976
393	0.9067792160318351
394	0.9063471469299147
395	0.8974401427779027
396	0.8952476952762163
397	0.8947748129455849
398	0.8928605644559381
399	0.8896796052565885
400	0.8880278028767132
401	0.8886472536967377
402	0.8850666138486729
403	0.8813594816294664
404	0.8825180133549144
405	0.8759865141335825
406	0.8758264006246883
407	0.8720552480489232
408	0.870523760533829
409	0.8677114367612818
410	0.8681999015388339
411	0.8664987996975375
412	0.862058304453983
413	0.8598819263141186
414	0.8582051294684568
415	0.8550277455372217
416	0.854686394175503
417	0.85118436533933
418	0.8496229789186301
419	0.8493881066489141
420	0.8454452201185825
421	0.8422656898868696
422	0.8412834878052174
423	0.8375219388213766
424	0.8360347176406102
425	0.8342052566763573
426	0.8313443138742065
427	0.8313080580449373
428	0.8281834149631415
429	0.8285308713879695
430	0.8222142679570983
431	0.8225575355334402
432	0.8195537289668966
433	0.8169960920302848
434	0.8151744052063081
435	0.8153109449296798
436	0.8113575427845059
437	0.8080332300852513
438	0.8066258174689748
439	0.8075558077365058
440	0.8022296923894146
441	0.8047368075504762
442	0.7990630529096017
443	0.7982262982716053
444	0.7948469845193284
445	0.7929618119035853
446	0.790735596664362
447	0.7917523955089361
448	0.7897527651061815
449	0.7848372831858347
450	0.7843304492207567
451	0.7813909683850442
452	0.7792523903400355
453	0.7808602920425654
454	0.7762140368345811
455	0.7768123810721569
456	0.7715045257486418
457	0.7708785792866064
458	0.7683983026715008
459	0.7670079577335662
460	0.7648817470601497
461	0.7634348979363158
462	0.7625518416645313
463	0.7615201440443058
464	0.7590844489253693
465	0.7572737043275768
466	0.7576582329678719
467	0.7563770147824063
468	0.7522645807045475
469	0.7499696529189779
470	0.7499091139143805
471	0.7469215603328524
472	0.7453338773781499
473	0.7440443120954139
474	0.7435537402381701
475	0.7402215710903517
476	0.7397336550520727
477	0.7396885232318683
478	0.7364850903754213
479	0.7341786347330617
480	0.7344938654574287
481	0.7315008277696519
482	0.7289188913926327
483	0.7312393458040293
484	0.7295849905294679
485	0.7250444657170573
486	0.7242112626238879
487	0.7233468939339045
488	0.7210597029821227
489	0.7205191878995894
490	0.72007609128514
491	0.7177395082459708
492	0.7181598631140789
493	0.7144863124955698
494	0.7157855154307302
495	0.7114959569268287
496	0.7110106793557489
497	0.7089737353749642
498	0.7084420605557122
499	0.7064743095526121
500	0.7059792759951192
501	0.7042524479275649
502	0.7030268153748698
503	0.7013790563783027
504	0.7010552483889929
505	0.6998765680567258
506	0.6980365370595589
507	0.6964005581373303
508	0.696414611522506
509	0.6947255668342646
510	0.6934469044779276
511	0.6922531204418573
512	0.6914954534986405
513	0.6894701147818556
514	0.6906889831886964
515	0.6897513539192176
516	0.6868341690418864
517	0.6845572719939651
518	0.6863564854471849
519	0.682643805038919
520	0.683152174565217
521	0.680372847867253
522	0.6806473824841275
523	0.6806272990705243
524	0.6770479203344345
525	0.6767108106856803
526	0.6776591554557513
527	0.6744231099219563
528	0.6740889996674387
529	0.6722109052629683
530	0.6710802499666114
531	0.6704425053117661
532	0.6707071413780366
533	0.6684770148535428
534	0.6671651876707922
535	0.6676355787895875
536	0.6653626647554827
537	0.6642295760042233
538	0.6636960154678659
539	0.6641011837723485
540	0.6620015176975496
541	0.6623431647349476
542	0.6597197708467688
543	0.6590335934178595
544	0.6590289888203287
545	0.6574606966973047
546	0.6585678998514379
547	0.655213761480599
548	0.655138178824761
549	0.6550893653367474
550	0.6525997550805946
551	0.6518341270979315
552	0.6513065267642338
553	0.6507734786731861
554	0.6500288688518936
555	0.6485755652806815
556	0.6483300150365132
557	0.6466256305789341
558	0.6470858462620774
559	0.6462175270374152
560	0.64597249419755
561	0.6438114776361701
562	0.6436788157508654
563	0.6430142336515354
564	0.6426162749211783
565	0.6423565857120949
566	0.6393921839294788
567	0.6396620631347683
568	0.6392618451665331
569	0.6392751510695462
570	0.63654943203262
571	0.635711185293622
572	0.6358629365022772
573	0.6345382546188101
574	0.6344986125357988
575	0.6326932780671217
576	0.6322582977408688
577	0.6321871395257634
578	0.6313836786359297
579	0.6302526150468687
580	0.6317032913646285
581	0.6286201912406336
582	0.6285793051266275
583	0.6275763467614895
584	0.6268766984630089
585	0.6261106599618145
586	0.6252492391911535
587	0.6251636906242799
588	0.6241564159744093
589	0.6231681701743421
590	0.6242169042226002
591	0.6223812876539545
592	0.6215647047585575
593	0.622326112266051
594	0.6208677074407566
595	0.6197259482972264
596	0.6190155858475526
597	0.618166447362166
598	0.6189989312234586
599	0.6181785655153096
600	0.617372328060494
601	0.616062489037614
602	0.6164656034948229
603	0.6150032415527964
604	0.6137697355743391
605	0.6135968788353181
606	0.6138440700843296
607	0.6124164187738204
608	0.6119979844371665
609	0.6117894009932523
610	0.6101727625911438
611	0.6102174811231713
612	0.6105571431203012
613	0.609754290421574
614	0.6086658053091875
615	0.6075771145928639
616	0.6073290076604474
617	0.6070751940069704
618	0.6064952424795919
619	0.6055725577807395
620	0.6049967186952343
621	0.6053132738816909
622	0.6058277519904753
623	0.6034772652891794
624	0.604294823498252
625	0.6026851200881412
626	0.6015373319746066
627	0.6018003240214604
628	0.6022050411168268
629	0.6001332418939825
630	0.6000241928384751
631	0.6002084061190294
632	0.5992038079096538
633	0.6003432976069105
634	0.5998724634584846
635	0.5976203524483404
636	0.5978168853752148
637	0.5964014541073925
638	0.5958151639151045
639	0.5963514149420845
640	0.5957004904622103
641	0.5955426353547397
642	0.593553288220506
643	0.5934304168635334
644	0.5928443506472156
645	0.5923145614246788
646	0.5916208206378497
647	0.5928153657799682
648	0.5922256638940616
649	0.5904959375662341
650	0.5906111714858627
651	0.5902014505615311
652	0.5890008053309603
653	0.5893366943009539
654	0.5896393564847411
655	0.5888066599716948
656	0.5877836897179856
657	0.5884750025292909
658	0.5865007404485315
659	0.5868003419790178
660	0.5852739428350493
661	0.5855774425508107
662	0.5846370620030268
663	0.5841448980480898
664	0.5844279109686643
665	0.5834627446151051
666	0.5847157390144007
667	0.5838921286076404
668	0.5818483936305473
669	0.5818133928987059
670	0.5817580419927592
671	0.5817821987249499
672	0.5802486126336518
673	0.5802029893164609
674	0.580798236740791
675	0.5794470020423015
676	0.580037916780893
677	0.5783976988262096
678	0.5776953716556654
679	0.5771663081317717
680	0.5774411578426188
681	0.5767438576444288
682	0.5773315650082186
683	0.5766290621540432
684	0.5757239055945516
685	0.575675378346761
686	0.5744571447794786
687	0.5760913197256191
688	0.5744951025502391
689	0.5738780608171457
690	0.5740756818927786
691	0.5733959840284615
692	0.572662252927806
693	0.572807419393408
694	0.5730747386263381
695	0.5723960772592009
696	0.5713675200849673
697	0.5712877825465074
698	0.5700130842792809
699	0.5695230791133401
700	0.5689625915825619
701	0.5690178871726055
702	0.5704028715312542
703	0.5693141413991829
704	0.5685935648131389
705	0.5678305739199903
706	0.5675182820430824
707	0.5676563354321099
708	0.566054855299763
709	0.5661575240163415
710	0.5660836924897892
711	0.5649548063643326
712	0.5645954041920126
713	0.5648875491251052
714	0.564782372035397
715	0.5636998987803792
716	0.5632504824430298
717	0.5630417463626657
718	0.5647584067505174
719	0.5622089192822068
720	0.5621038400990154
721	0.5624336059865642
722	0.5642307971517999
723	0.5614609539685174
724	0.560295484347303
725	0.5610091803856974
726	0.5607065032167421
727	0.5607489005674295
728	0.5604430089216307
729	0.5603761635531438
730	0.558259028712423
731	0.5590112586989122
732	0.5586789412489417
733	0.5585896233675667
734	0.5583570717895271
735	0.5569951725012305
736	0.556587276231745
737	0.5576038502574652
738	0.5570636307989512
739	0.5551645372109315
740	0.5548898370582883
741	0.554944721565725
742	0.555905680222735
743	0.5537908215001602
744	0.5551363262473938
745	0.553180346755191
746	0.5533793127939258
747	0.5530025341901594
748	0.5534587115144393
749	0.5520666632933818
750	0.5518117896479433
751	0.5511528326265921
752	0.5512521416003167
753	0.5515883582346389
754	0.5500027845273401
755	0.5507688176875603
756	0.5498792845662451
757	0.5503541456449679
758	0.5490118776256985
759	0.548739874433447
760	0.5487702927695781
761	0.5488732773617839
762	0.5487898771284493
763	0.5478097832746925
764	0.5478617947617528
765	0.5479641292252004
766	0.5469914159527086
767	0.5477341459567251
768	0.5463122925877334
769	0.5457026065384168
770	0.5454445893752147
771	0.5454026966386409
772	0.5446217428000046
773	0.5442177251786047
774	0.5444636192951305
775	0.5455884679961295
776	0.5450724501642626
777	0.5430240384451211
778	0.5428153492962505
779	0.5430006563234533
780	0.5421111249769812
781	0.5420615414428351
782	0.542477340688562
783	0.5421094661032015
784	0.5421505560045935
785	0.5404634744700428
786	0.5410693292601864
787	0.5408849502126873
788	0.5411674421259904
789	0.5408871313018897
790	0.5401288759098256
791	0.5393218937927181
792	0.5389474610758812
793	0.5413657441826019
794	0.5390388704508945
795	0.5381866396042362
796	0.5381578953782947
797	0.5377299430037009
798	0.5379634410588415
799	0.5369949783909168
800	0.5373088804542463
801	0.5358901437000302
802	0.5365976512833325
803	0.535855863482146
804	0.5362583159623265
805	0.5352250443854814
806	0.5357044507474503
807	0.5350593782717853
808	0.5351214196025484
809	0.5345348755435105
810	0.5333090010135261
811	0.5337491135150836
812	0.5329955185320268
813	0.5332435708827223
814	0.5344492994223142
815	0.5321798380291098
816	0.5320618144492372
817	0.534124161542872
818	0.5322726978983701
819	0.5342938134444335
820	0.5331530477748189
821	0.5313302429452362
822	0.5310238803256391
823	0.5299800290755114
824	0.5296000192324908
825	0.5297277637019059
826	0.5298524740682643
827	0.5292918564607092
828	0.5284661939031576
829	0.5287732020936932
830	0.5287487810703214
831	0.5292689478711893
832	0.5276186127370799
833	0.5277873991974807
834	0.5277001590181007
835	0.526917397018486
836	0.527109913505161
837	0.5273281764021316
838	0.5265078161040093
839	0.526008309362205
840	0.5258303572365857
841	0.5253242245708855
842	0.526787211600457
843	0.5267215164369933
844	0.5256958386777663
845	0.5267043575177695
846	0.5244699699431608
847	0.5259856646959492
848	0.5238930035739009
849	0.5239514845503249
850	0.5235726200989221
851	0.5235331791515342
852	0.5233163817288984
853	0.5236045785690725
854	0.522666188468045
855	0.5233118761964917
856	0.523937831533516
857	0.5242863099417295
858	0.5225344421443524
859	0.5226607810490613
860	0.5213618617424904
861	0.5223122310270366
862	0.5215755835036028
863	0.520180817032997
864	0.5204938871541902
865	0.5197887292887264
866	0.5193191558711281
867	0.5198201519241975
868	0.5206637764257325
869	0.5190318502885958
870	0.5214895347270339
871	0.5209399825683592
872	0.5180659189019627
873	0.5187614976784619
874	0.519639770622639
875	0.5188790789866183
876	0.5182399716532025
877	0.5169765132343573
878	0.5176722719247187
879	0.5198929222450507
880	0.5174013621672044
881	0.5185279060881419
882	0.5165907248080654
883	0.5167509304394969
884	0.516013057271917
885	0.5161490102741296
886	0.515400572980979
887	0.5148653517622096
888	0.5162089974697233
889	0.5159427749520422
890	0.5151005348815371
891	0.5146895359281025
892	0.51497697603065
893	0.5162542789060931
894	0.5135403973550693
895	0.5144465555633906
896	0.512799121811307
897	0.5133594180761242
898	0.5128798138570213
899	0.5124952146419881
900	0.5121804852056995
901	0.5121484096424198
902	0.5126614320038909
903	0.5119588787187974
904	0.5111934306912173
905	0.5120891403150234
906	0.5109261681836749
907	0.5116643133428909
908	0.5104671763955154
909	0.5101159729524332
910	0.5112111284967829
911	0.5110447303952561
912	0.5097687330801377
913	0.5112727484740289
914	0.5094137468311472
915	0.5102337306829194
916	0.5102105651128462
917	0.5091014839874606
918	0.5111135806712842
919	0.5094685308788864
920	0.5095434587842649
921	0.5082809397050427
922	0.5092814286427992
923	0.5086379167367676
924	0.5086094820570873
925	0.5073868777727589
926	0.5076955607732703
927	0.507554178730189
928	0.5064972686010744
929	0.5067714276937085
930	0.5060962171343587
931	0.5081408269329923
932	0.5061365622214147
933	0.5066217510872886
934	0.5054702729288262
935	0.5058234317465731
936	0.505524406731347
937	0.5048896561810433
938	0.5056627868760533
939	0.5044687718563129
940	0.5041867276283095
941	0.505434420967354
942	0.5042683616422947
943	0.5037929364824
944	0.5042395701612734
945	0.5036933317568871
946	0.5040154680560573
947	0.5043446229246523
948	0.5042950649090789
949	0.5035547728071861
950	0.5030223372996875
951	0.5021786604026692
952	0.5019996299967411
953	0.5039594386153828
954	0.5034968962118902
955	0.5024903159206557
956	0.5021632506005518
957	0.5037621188454924
958	0.5013697025000065
959	0.501672344387752
960	0.501476890985881
961	0.5003898012950645
962	0.5007293713890224
963	0.5004247619256705
964	0.5015193910262955
965	0.5018088945987839
966	0.5000121394114461
967	0.5016204707644638
968	0.49975490077264517
969	0.49964186865174753
970	0.4999052933594409
971	0.5008180851321016
972	0.5000196773271859
973	0.5002013855839402
974	0.4985485337728995
975	0.49987618489740576
976	0.49857430757419274
977	0.5007039748269909
978	0.4979276854016736
979	0.498484573135029
980	0.4977645683453905
981	0.4973517518901912
982	0.4981316849312615
983	0.49851561876001027
984	0.49740716995789946
985	0.49702276723576017
986	0.4972562294086489
987	0.49714196987558323
988	0.4986686565709273
989	0.49629955248266955
990	0.49730218253806596
991	0.4971631424275618
992	0.49742704120418024
993	0.49558071419374045
994	0.4958065333785797
995	0.49538906268178445
996	0.4958987448898947
997	0.4969824725136931
998	0.49547496523811824
999	0.49600832859543303
1000	0.4941328298906134
1001	0.4951777004345938
1002	0.4944153557996608
1003	0.49528585948635495
1004	0.49573429694268933
1005	0.49384527583326626
1006	0.4948058951860278
1007	0.49388870541136043
1008	0.49411753625082605
1009	0.4939535604942683
1010	0.4934911341622931
1011	0.4932951205393993
1012	0.49253672376163576
1013	0.4952081678625315
1014	0.4923438523004092
1015	0.4930331164640742
1016	0.4931490636230519
1017	0.49494979666259176
1018	0.49239138489356044
1019	0.4916101994904106
1020	0.49170163171563674
1021	0.49314589870228454
1022	0.4911835727877127
1023	0.4921365298843547
1024	0.4911267290724201
1025	0.49073237561345273
1026	0.49313018252929697
1027	0.49153884667806624
1028	0.490062597042361
1029	0.4918478795956004
1030	0.489689330972933
1031	0.49030209285660764
1032	0.48947272337800746
1033	0.48922462488754004
1034	0.4902703087349626
1035	0.4902886265281805
1036	0.489485566242151
1037	0.48885370960406654
1038	0.4890057655969053
1039	0.4885896674610824
1040	0.48836488240403136
1041	0.488807613833099
1042	0.49053766587415815
1043	0.48856186524620976
1044	0.4889291339034948
1045	0.48872535044955545
1046	0.4884904840336285
1047	0.4899215470554203
1048	0.48759832980809803
1049	0.48728567748699037
1050	0.48707473272339974
1051	0.4879371757780604
1052	0.4869048335985502
1053	0.4866842196497322
1054	0.4890094607021689
1055	0.48661254949771876
1056	0.4864441027510633
1057	0.48662853996833716
1058	0.4878990520715146
1059	0.4857823573483752
1060	0.48601245318294073
1061	0.48647052559957804
1062	0.4856781505987828
1063	0.4860782463911592
1064	0.4850657182614183
1065	0.4851338856588654
1066	0.485208969130088
1067	0.48579791585481963
1068	0.48474271919025363
1069	0.48530726845948235
1070	0.4854098382264167
1071	0.4856717247100145
1072	0.4865579876727386
1073	0.4838717804393372
1074	0.4845485370746685
1075	0.4844446604555281
1076	0.48398638663840815
1077	0.4833639065547969
1078	0.4836131458784262
1079	0.4842202106348961
1080	0.4833249669577388
1081	0.4827059725615707
1082	0.48294980764361006
1083	0.48301368482884155
1084	0.483652437634458
1085	0.48306049236331894
1086	0.4827999454168177
1087	0.48331498394728684
1088	0.4834838299846522
1089	0.4834744614125042
1090	0.48258881518137076
1091	0.4821296634518442
1092	0.4814412518877693
1093	0.481636333275933
1094	0.4821970542904133
1095	0.4842144473548844
1096	0.48348024705221654
1097	0.48102733268961434
1098	0.48094512582608073
1099	0.4808900059008135
1100	0.4813821051618804
1101	0.48068242957953394
1102	0.4809870293604843
1103	0.48263498285688855
1104	0.4799916688229962
1105	0.480224372860298
1106	0.480018944797271
1107	0.47962896861245063
1108	0.47978242364919543
1109	0.4807990047423935
1110	0.4796010810645122
1111	0.4797934504277362
1112	0.47929761278292576
1113	0.4792771905443605
1114	0.4790541911574102
1115	0.4785999106540786
1116	0.4797878996858148
1117	0.4788884290906568
1118	0.47932622543169995
1119	0.47818104630584823
1120	0.4804374478640772
1121	0.4780597735620129
1122	0.47887733085141404
1123	0.4787617338198301
1124	0.4777999652174221
1125	0.47797802736514206
1126	0.4775852015041124
1127	0.4780333506723558
1128	0.4780769365490691
1129	0.4784328344799547
1130	0.47694167463822834
1131	0.4770555145080897
1132	0.4773334123625417
1133	0.47805793065530167
1134	0.47652382728198905
1135	0.47704012883452496
1136	0.47883286918888124
1137	0.4771921805838479
1138	0.4795692169654936
1139	0.4767713815180565
1140	0.4780376419586906
1141	0.4772621202103723
1142	0.47636588134961677
1143	0.4758728778162885
1144	0.475769107795723
1145	0.47727508828542436
1146	0.4754001383409438
1147	0.4758372524659841
1148	0.4758288816948731
1149	0.4757717566141919
1150	0.4753645899480675
1151	0.4766137403764896
1152	0.47526778507154044
1153	0.47558681672190156
1154	0.4761188059260398
1155	0.47442853738772245
1156	0.4737907060041936
1157	0.4744624858466606
1158	0.47598275717731625
1159	0.4736923962353556
1160	0.474726224568615
1161	0.473610925130664
1162	0.4734942062746933
1163	0.47400000130968245
1164	0.47667693935376326
1165	0.47388406992621535
1166	0.4732707769015467
1167	0.4727159411182275
1168	0.4739347127650583
1169	0.47280428544414055
1170	0.47270974693910495
1171	0.47499718872305774
1172	0.47268151033114986
1173	0.472260168943656
1174	0.4721023176554298
1175	0.47244597069318517
1176	0.4725289211535313
1177	0.4728659306499494
1178	0.47365715486276927
1179	0.4713733664503009
1180	0.47165272540513825
1181	0.473056687620904
1182	0.47130378906163517
1183	0.47145986926757577
1184	0.4724406248691661
1185	0.47176647745211503
1186	0.47190895713570363
1187	0.4708784711010874
1188	0.47164656444503605
1189	0.4708781597048323
1190	0.4705326196533108
1191	0.47138003207108015
1192	0.47181042038202353
1193	0.4708557338666312
1194	0.4703682151545156
1195	0.46995263496000655
1196	0.47158125253800093
1197	0.46990885796540127
1198	0.46964719453257064
1199	0.4719794127033893
1200	0.46971863477782144
1201	0.47089729817484616
1202	0.4691961769066433
1203	0.4689190902103334
1204	0.4709407408972264
1205	0.4692061509290635
1206	0.47092786838081496
1207	0.4702646398453032
1208	0.46910253164531573
1209	0.47087023780602016
1210	0.46934120273582564
1211	0.4692592871856138
1212	0.46936032212751744
1213	0.4684386132903332
1214	0.4687678667000549
1215	0.46948383252491743
1216	0.46943851879661747
1217	0.46869365315040395
1218	0.46828319644667704
1219	0.4684481809359398
1220	0.4683172785626795
1221	0.4672980801124516
1222	0.4678354353631544
1223	0.46961425740324914
1224	0.4669492111007694
1225	0.4671085361721066
1226	0.46726561864434035
1227	0.4669564179467871
1228	0.4665613311880995
1229	0.4679529584776608
1230	0.4664815253657537
1231	0.46643624952184626
1232	0.46782341093683444
1233	0.46650018305178176
1234	0.46932397352929506
1235	0.46593622886859754
1236	0.4660183703275306
1237	0.46650768849158947
1238	0.466657052130569
1239	0.46641748752456486
1240	0.4659882572065348
1241	0.46652448133189545
1242	0.46533731819874435
1243	0.46667403721630935
1244	0.4652377800568005
1245	0.4654687792332933
1246	0.46763084457853077
1247	0.46719112811665264
1248	0.4656351688216635
1249	0.46455781280404
1250	0.46607949285700967
1251	0.4643731034230576
1252	0.464645386704207
1253	0.4653280910392578
1254	0.46521176842348644
1255	0.4654780875891703
1256	0.46527887380717503
1257	0.46508914762263887
1258	0.4650395450526956
1259	0.46536821593060057
1260	0.463805399006782
1261	0.46323100720016563
1262	0.46346676951513444
1263	0.4648409706415286
1264	0.4630839767265414
1265	0.463952987270357
1266	0.46531184514382695
1267	0.4645153260063669
1268	0.4638734674250998
1269	0.4639710221356715
1270	0.46286886337355126
1271	0.46242696719353904
1272	0.4634153966891616
1273	0.4635085714731758
1274	0.462754612761163
1275	0.46251509934132456
1276	0.4618789741185059
1277	0.46237058272099224
1278	0.4630127203999507
1279	0.4628378321631185
1280	0.46275703548300406
1281	0.4617396689352233
1282	0.4618118691474315
1283	0.4614777278253517
1284	0.4630999319008838
1285	0.46130222721647907
1286	0.4614445468426114
1287	0.461829739148835
1288	0.4622548713470647
1289	0.4609376832525535
1290	0.46114975083876547
1291	0.4612757781923118
1292	0.4619233743743131
1293	0.46235290263263285
1294	0.46051585278139234
1295	0.46059368189214045
1296	0.46325078886566
1297	0.46038345972759775
1298	0.4606541137309946
1299	0.46010752283792977
1300	0.4610533754621898
1301	0.46080762738861414
1302	0.46005944821939165
1303	0.46205084535545876
1304	0.46113694727815074
1305	0.46203721859317576
1306	0.46222740228274867
1307	0.459760921537719
1308	0.4619150900049077
1309	0.461096444803637
1310	0.4602562179706306
1311	0.45913800857963855
1312	0.4595442878849031
1313	0.4606070380125571
1314	0.459386731034726
1315	0.45937129652568953
1316	0.45867348811009606
1317	0.45839797564501183
1318	0.4596776917398317
1319	0.4591960306449238
1320	0.45931674824275315
1321	0.45874452794941106
1322	0.4605693380504676
1323	0.45818229895101004
1324	0.4582750303078749
1325	0.4591997653079345
1326	0.45781972101977486
1327	0.45804046265879594
1328	0.4584877769069551
1329	0.45787705472271845
1330	0.4582477007502941
1331	0.45782901824545347
1332	0.4582581039004025
1333	0.4578993499116487
1334	0.4581703775787078
1335	0.4581414399458292
1336	0.4571648947910014
1337	0.45898986443626666
1338	0.45770640278900104
1339	0.4593705874249931
1340	0.4580347199984922
1341	0.4567791112803924
1342	0.45667763437239567
1343	0.4570022738995853
1344	0.45901906939495685
1345	0.45634852190703357
1346	0.45715619623455755
1347	0.45654316008833656
1348	0.4558758196165943
1349	0.4573170568538562
1350	0.45592934304381993
1351	0.45698572636133095
1352	0.45622478745183037
1353	0.4555055511809686
1354	0.45538695015913555
1355	0.4558889136808587
1356	0.45645572710582977
1357	0.45797914447947097
1358	0.4570343500825626
1359	0.45512049654484893
1360	0.45581101537810337
1361	0.45579353350403656
1362	0.45518280512771037
1363	0.45618269834544983
1364	0.4552122755755033
1365	0.45508017697282477
1366	0.4575846337209464
1367	0.45488201564694564
1368	0.4557497407148989
1369	0.45552110998860906
1370	0.4546350023807702
1371	0.4544545317531115
1372	0.4547245356323192
1373	0.4547161436992428
1374	0.45492631211713686
1375	0.4562073359242114
1376	0.4540229252490044
1377	0.4551649594449647
1378	0.45381360411146654
1379	0.45413525939022503
1380	0.4532308169174944
1381	0.45397237496157744
1382	0.45500464919279254
1383	0.4540597621662748
1384	0.45351467057000516
1385	0.4537172447867446
1386	0.4540617291204914
1387	0.4549367025166094
1388	0.4537330858755538
1389	0.45324725701460133
1390	0.45291140270032126
1391	0.4530950911064969
1392	0.4528453642388119
1393	0.4552649620193031
1394	0.45382920138297883
1395	0.45296310446588295
1396	0.45342490655296763
1397	0.45240459392688115
1398	0.4536962726244336
1399	0.4528081352904187
1400	0.45222211681063046
1401	0.4533647810843296
1402	0.45261692541068294
1403	0.4520253225453451
1404	0.45172644507738774
1405	0.45449969215011554
1406	0.4528199698971373
1407	0.45297376513909415
1408	0.45180165307699116
1409	0.4534558649150141
1410	0.45239646301569647
1411	0.45227212283060797
1412	0.4524406408345127
1413	0.4517267419721034
1414	0.4533475952997612
1415	0.45189600786964385
1416	0.45322591333691153
1417	0.45354311696220856
1418	0.4522074664650229
1419	0.4530638825761121
1420	0.45208252518861236
1421	0.4510368175069802
1422	0.45088156846785027
1423	0.45050151979035313
1424	0.4517652399945732
1425	0.45083139153400076
1426	0.4523718913772312
1427	0.45076257526625524
1428	0.45045382542668466
1429	0.4515198488701584
1430	0.4510718961266314
1431	0.4501371371402893
1432	0.45080765975896014
1433	0.4509166373791045
1434	0.45031499431930944
1435	0.45217518907139737
1436	0.4502256486362425
1437	0.44964215886261527
1438	0.4507963164907908
1439	0.45115379401521755
1440	0.4500699739784295
1441	0.4501877566274917
1442	0.44957020283007226
1443	0.4493823367388572
1444	0.45164557778179515
1445	0.4500973578053652
1446	0.44946716158254185
1447	0.4494534439143697
1448	0.45087029340976953
1449	0.4487770971950816
1450	0.4487716852428006
1451	0.4498329291160017
1452	0.4488536540645899
1453	0.45121108948254507
1454	0.44865102644185983
1455	0.4485033765060898
1456	0.4503452889306512
1457	0.4484780953896484
1458	0.4484575562258692
1459	0.44814936202380534
1460	0.44787580833410334
1461	0.44851915434770623
1462	0.44879511472348504
1463	0.4481556946331006
1464	0.4478142703464133
1465	0.4476131212434895
1466	0.44801014665008476
1467	0.44750061238065836
1468	0.4486679704282146
1469	0.448825219630353
1470	0.45027785814591986
1471	0.4476097099420099
1472	0.44742096136492265
1473	0.4471022412018749
1474	0.4471189963456969
1475	0.4472753962735613
1476	0.447628889870412
1477	0.44773282777612894
1478	0.44803267841658245
1479	0.4467415948426086
1480	0.44652526541880366
1481	0.44737443298773144
1482	0.4487741624949262
1483	0.44704103005000745
1484	0.4466369139082212
1485	0.44684954943898697
1486	0.44718357862702324
1487	0.44703863270508293
1488	0.4469726192606636
1489	0.44727943762611977
1490	0.44733524704178984
1491	0.4460914739267721
1492	0.44656925229057676
1493	0.4469457496956398
1494	0.44568244891826714
1495	0.44608298339971225
1496	0.44590303788356983
1497	0.4467554237049017
1498	0.4461011006882488
1499	0.4463170145607632
1500	0.44570123227862285
1501	0.44568370865715057
1502	0.4464391673588821
1503	0.44700764805656973
1504	0.44526584634936006
1505	0.4458125021620611
1506	0.44527062687800967
1507	0.4447730793267243
1508	0.4450800758212424
1509	0.44522189886305463
1510	0.4453959840008873
1511	0.4445375818869274
1512	0.4443865878877033
1513	0.4454918682972974
1514	0.44514208482786966
1515	0.44466202871597954
1516	0.44515916200662925
1517	0.4449544198466302
1518	0.44493187517132315
1519	0.4448736100474143
1520	0.4449940866989362
1521	0.44476575081463826
1522	0.4448422129489816
1523	0.444717302271534
1524	0.4441380650083111
1525	0.44551860686879813
1526	0.44443000448358094
1527	0.444062867242928
1528	0.44398610802960103
1529	0.4449240944777857
1530	0.4446118147117033
1531	0.4458056298512143
1532	0.44334844516641414
1533	0.4440874077712267
1534	0.4442683286520395
1535	0.4430319679106405
1536	0.4436413765223752
1537	0.44485491072656047
1538	0.44387077786249535
1539	0.44310101967244914
1540	0.4433846740644349
1541	0.44279580169017513
1542	0.44305874528344236
1543	0.44317323954878074
1544	0.4431148501413959
1545	0.4426312409318884
1546	0.44322889961204637
1547	0.4432243285361747
1548	0.44266548933885197
1549	0.442616770257347
1550	0.44423146371414035
1551	0.4434741242377107
1552	0.44224961596718526
1553	0.4425954028865113
1554	0.44360271146060853
1555	0.44240171115210786
1556	0.442208577389707
1557	0.4428842380501575
1558	0.4425420631756225
1559	0.44193365131050155
1560	0.4416169447914881
1561	0.4422641662176862
1562	0.4416952766890112
1563	0.44250575932138086
1564	0.44132519351941435
1565	0.44264872206034617
1566	0.442927007905378
1567	0.441725744130314
1568	0.44202543594557325
1569	0.4430486541606071
1570	0.4414731449115154
1571	0.4412536126690798
1572	0.4422408965502837
1573	0.44203883951651346
1574	0.4415887719417066
1575	0.4415341705935991
1576	0.4429513179635803
1577	0.44136634172314415
1578	0.4415145718394142
1579	0.4412356136316009
1580	0.4415260246729035
1581	0.44213517012801856
1582	0.4411044233981221
1583	0.44106144017046467
1584	0.4410565966851465
1585	0.4410108567647726
1586	0.4408682462099062
1587	0.44118852620701643
1588	0.4399753106673173
1589	0.44041525632185563
1590	0.4416368538921139
1591	0.4407079407776461
1592	0.44064018796498
1593	0.4406387196679837
1594	0.4412637248502029
1595	0.44071401706839486
1596	0.4409443766279832
1597	0.44237568247309156
1598	0.4403227113481342
1599	0.4401842071447864
1600	0.44016803239753144
1601	0.4401726735239634
1602	0.43943209115149995
1603	0.44027388166716863
1604	0.4392917254121769
1605	0.43901626250117115
1606	0.43989263927581007
1607	0.43959449358923586
1608	0.44005406576321626
1609	0.43891986493904167
1610	0.4394951592876896
1611	0.440228408365981
1612	0.4391492878158375
1613	0.43891906084561866
1614	0.44030883335049115
1615	0.4397078703577923
1616	0.43924621609934755
1617	0.43830901467284794
1618	0.43853747570585594
1619	0.43854602896956824
1620	0.4405721554672053
1621	0.43814477259025963
1622	0.43864658985947547
1623	0.43924522393912957
1624	0.43855390101240865
1625	0.4388120632696348
1626	0.4378500481087374
1627	0.43771112520390143
1628	0.4382732935569355
1629	0.43872994134005927
1630	0.4383320529842853
1631	0.4374459769666112
1632	0.4389120909770954
1633	0.43859970025428713
1634	0.43878346179186545
1635	0.4396969625151513
1636	0.43759369650008384
1637	0.4374526119172732
1638	0.43752985921126397
1639	0.43742148137444714
1640	0.4371349157587091
1641	0.4385710893513519
1642	0.43706307860019045
1643	0.43724833553680176
1644	0.43780133808308624
1645	0.43746932087789764
1646	0.43707066905296066
1647	0.4385927668805351
1648	0.4384854913571933
1649	0.43751353701804446
1650	0.4366418231735753
1651	0.4364594038258751
1652	0.4379533444375183
1653	0.43656892667629105
1654	0.4374471423112376
1655	0.4367673420907732
1656	0.436937613966915
1657	0.43665476305171297
1658	0.43664052793669395
1659	0.43753632476569354
1660	0.43621225508787004
1661	0.43609488967034066
1662	0.43647330166237863
1663	0.4364166754312639
1664	0.43644549680110073
1665	0.4362560058132695
1666	0.43612250062022456
1667	0.43589439716683215
1668	0.4358397197591232
1669	0.436595492424207
1670	0.4363787754381724
1671	0.43590404633261154
1672	0.43618726040715505
1673	0.43587529911203865
1674	0.4360101074465166
1675	0.4360456038119436
1676	0.4355469031050075
1677	0.4356574225939022
1678	0.43513493828869476
1679	0.43539816287240596
1680	0.43721062281947753
1681	0.4360874650792473
1682	0.4362072129992808
1683	0.4351462154982855
1684	0.4351229562248621
1685	0.4358832859683614
1686	0.43579230044707146
1687	0.43514415966117437
1688	0.43565317836121764
1689	0.4350285301591109
1690	0.4344869483220437
1691	0.4362924358961592
1692	0.43469878208650936
1693	0.4356619403686704
1694	0.43558441324136904
1695	0.43480228939316146
1696	0.43484383578371716
1697	0.43453493065793014
1698	0.43436339712628985
1699	0.4345614091145543
1700	0.4342695702257785
1701	0.4342919197598312
1702	0.43423106179571724
1703	0.43444519528578474
1704	0.4344739959685989
1705	0.4342435893703488
1706	0.4339134636509505
1707	0.436088402960528
1708	0.43568600425549275
1709	0.43388077110084194
1710	0.43468070915077467
1711	0.434260901068095
1712	0.4349445099063556
1713	0.4351036969385768
1714	0.43483622132408645
1715	0.43365568819252226
1716	0.43434807376050316
1717	0.4352973522035405
1718	0.4339850604339993
1719	0.4334695779121192
1720	0.4336305963731625
1721	0.4342120007634991
1722	0.43302330251773624
1723	0.4347530969684379
1724	0.4327475686520915
1725	0.4346159133821897
1726	0.43358752106142884
1727	0.4328210352271112
1728	0.43361239537270097
1729	0.4338074960860331
1730	0.4330825414929697
1731	0.43333284500119473
1732	0.4330375511296899
1733	0.4335992423795133
1734	0.43309306976910383
1735	0.4323547511073056
1736	0.43218024232593377
1737	0.4339237879170086
1738	0.432180547705364
1739	0.4326118800839903
1740	0.43221230849312664
1741	0.4319961820999073
1742	0.4331371401412438
1743	0.4322682629071514
1744	0.4328844612432018
1745	0.43194116459252263
1746	0.433232421985186
1747	0.43179468094401263
1748	0.434460101123017
1749	0.4322768280696148
1750	0.4327227323225107
1751	0.4314690248707909
1752	0.43234499622486583
1753	0.4332752579981256
1754	0.43345353056968056
1755	0.43155870397288026
1756	0.4318695330754523
1757	0.43209393824691456
1758	0.4321597177732302
1759	0.43243812611307403
1760	0.43107400976130855
1761	0.43177806195842794
1762	0.43157805259527127
1763	0.43235229301418326
1764	0.43133801142761846
1765	0.4316115316192394
1766	0.431202996435612
1767	0.43281559022181443
1768	0.4308467737960944
1769	0.43275932244109355
1770	0.4307222246106087
1771	0.4315194972920001
1772	0.43123222462862437
1773	0.4326859681536737
1774	0.43111977504429666
1775	0.43136260608314003
1776	0.43111592927582865
1777	0.43069533264358695
1778	0.4317431193397576
1779	0.4328000244447012
1780	0.430531778530195
1781	0.43263610525908663
1782	0.43207861433845274
1783	0.43243990958122636
1784	0.43087534305277897
1785	0.4299354819125198
1786	0.43147322060407745
1787	0.4301241779966829
1788	0.4299072397583904
1789	0.4295444488993166
1790	0.43000653531561195
1791	0.430333936418131
1792	0.43116268796099066
1793	0.43051051572782134
1794	0.43034877142801387
1795	0.42948598138548133
1796	0.4296783341741014
1797	0.42997260233462115
1798	0.4314657460549601
1799	0.43019548765959587
1800	0.429387743630357
1801	0.4298234928268772
1802	0.4300503816917073
1803	0.42977896665475773
1804	0.43022059428957626
1805	0.4299000767165931
1806	0.4304211725858485
1807	0.42942862043740604
1808	0.4289758408122862
1809	0.43045303537471785
1810	0.4298135269012137
1811	0.43025501479075856
1812	0.42884086061653276
1813	0.4285882347677291
1814	0.4299414325751233
1815	0.42870881784729403
1816	0.4294056826633768
1817	0.4284858182938221
1818	0.42904927175959595
1819	0.43071200162364154
1820	0.4285371554183082
1821	0.42971138257359853
1822	0.42884877697119805
1823	0.42814397367964224
1824	0.4288295798665111
1825	0.42889936537051737
1826	0.42833994972661604
1827	0.428829590935153
1828	0.43013228820355276
1829	0.42802804285583057
1830	0.42786963132279077
1831	0.42883593574719986
1832	0.42990690948249544
1833	0.42886202416283015
1834	0.4278432832624866
1835	0.4290875222665929
1836	0.42864014045927973
1837	0.4283422305725654
1838	0.42772828471606883
1839	0.427599279458924
1840	0.42769970033944915
1841	0.4283102777404735
1842	0.4274676317632673
1843	0.4275616816987884
1844	0.4277171927255465
1845	0.42823804372008284
1846	0.42839916617626783
1847	0.4280893959892774
1848	0.4291804354109546
1849	0.42779696014498314
1850	0.4278379971312555
1851	0.42741905165252286
1852	0.4281213685811531
1853	0.42713546109314493
1854	0.42747729512028
1855	0.42757334340758923
1856	0.4291875291912649
1857	0.42731589358299543
1858	0.42722474210855743
1859	0.42716884035198843
1860	0.42936540299780007
1861	0.4272777489442084
1862	0.427213608007064
1863	0.42808476287119135
1864	0.426914319411744
1865	0.42760550373931516
1866	0.42715490516801086
1867	0.42755398042664716
1868	0.42723236762209027
1869	0.4262614038355216
1870	0.4263804305646597
1871	0.4265172313318841
1872	0.42614448065857224
1873	0.42661235291018373
1874	0.4265783479627748
1875	0.4285582917613703
1876	0.4260114784033191
1877	0.4274057007523474
1878	0.4286857007361919
1879	0.42642555036946156
1880	0.4268047720882326
1881	0.4274435817378307
1882	0.4274164496825257
1883	0.4256734823722077
1884	0.42696508824995505
1885	0.42569147917332134
1886	0.4262159217653778
1887	0.42527111799384126
1888	0.4261162157655884
1889	0.425265793672193
1890	0.4257428542825557
1891	0.42598117438968336
1892	0.42629332010609333
1893	0.4259728538702193
1894	0.42608024936299266
1895	0.42659051716959784
1896	0.42593281090466145
1897	0.4259813648667632
1898	0.4257733858223872
1899	0.42562061330419443
1900	0.42519360719055704
1901	0.42573332170430805
1902	0.42564231568511374
1903	0.42551996095259126
1904	0.42754160309745687
1905	0.42540174042726747
1906	0.42484299863815095
1907	0.42575024120543215
1908	0.4257224721951663
1909	0.42641652199543756
1910	0.42505026776356314
1911	0.4253046311792446
1912	0.4251075197752064
1913	0.4248950457573273
1914	0.42481433194491564
1915	0.4244924881260882
1916	0.4263524478149082
1917	0.42428697263588094
1918	0.4248826458013787
1919	0.42544957322457666
1920	0.4244582532693517
1921	0.4247584564735237
1922	0.4253275802090514
1923	0.4259867574451537
1924	0.4263421411963637
1925	0.42504292020839823
1926	0.424578382852097
1927	0.42545787906200827
1928	0.4257828751569785
1929	0.4238426560136912
1930	0.42508115682033637
1931	0.4252988617434618
1932	0.4245953257520889
1933	0.4239979264761178
1934	0.4250584286191277
1935	0.42443837084147357
1936	0.42412781301239505
1937	0.42435517422895
1938	0.4234913946062357
1939	0.4239217297204328
1940	0.42368572791665554
1941	0.42358220262511026
1942	0.4238408181677148
1943	0.42345572679972476
1944	0.4243740178352998
1945	0.4236158879358974
1946	0.42335477240868513
1947	0.4231673854032618
1948	0.4241388951870074
1949	0.4230510939549791
1950	0.4230488294281748
1951	0.42273867928272196
1952	0.42404408377537106
1953	0.42359294337062875
1954	0.42310550202897274
1955	0.42457622651133214
1956	0.4254102564049425
1957	0.4235638287377135
1958	0.423371073388652
1959	0.4229039542475008
1960	0.42316545034817543
1961	0.4231076358868744
1962	0.4237423043088416
1963	0.4226542774920081
1964	0.42451939878939937
1965	0.4223141357513949
1966	0.42288241368354046
1967	0.4223299319699588
1968	0.4238364510037711
1969	0.4238108691808199
1970	0.42311914453757155
1971	0.4225667675861407
1972	0.4221732361488677
1973	0.4234968221601518
1974	0.4221734154269742
1975	0.4221829716265576
1976	0.42250034596592234
1977	0.42190202070351257
1978	0.4232818314257021
1979	0.42270498290196734
1980	0.42225725465169023
1981	0.4234543251033935
1982	0.42208185067260345
1983	0.4224583070001751
1984	0.4225806591766432
1985	0.4221145094452548
1986	0.4222319623472793
1987	0.42317599688901114
1988	0.4215456665891008
1989	0.42238325810324007
1990	0.4218679653599404
1991	0.42182442265669123
1992	0.4220353816959687
1993	0.4216128234230442
1994	0.4215478659159624
1995	0.4226488129771908
1996	0.4217023664743538
1997	0.42194480131964784
1998	0.4232608786169887
1999	0.4216056037482044
2000	0.4221191792484679
2001	0.4226049574901479
2002	0.4224933733790299
2003	0.42130090966490114
2004	0.4208607730797202
2005	0.42080787397716996
2006	0.42162136540849143
2007	0.42186980558458753
2008	0.4222068217764702
2009	0.4222934131520245
2010	0.4213704749798375
2011	0.4216120068873773
2012	0.42090476068830857
2013	0.4208188184461446
2014	0.42131710118875865
2015	0.4214910990588684
2016	0.4213066487713705
2017	0.42072940774883766
2018	0.42125207444994694
2019	0.4215522582795509
2020	0.420507874708254
2021	0.4218108708641978
2022	0.42130825875085604
2023	0.4215483590878091
2024	0.420516881682365
2025	0.4200131935253317
2026	0.4201106255645256
2027	0.4205786777648764
2028	0.42036178639844346
2029	0.42248281301345353
2030	0.4220478457032564
2031	0.42015390217584586
2032	0.4210045564511965
2033	0.4217168159813093
2034	0.42059167944384324
2035	0.42072784810779473
2036	0.42148233915279637
2037	0.4197465673424186
2038	0.4207301857537
2039	0.422066082980848
2040	0.41990862775984167
2041	0.4198655625897002
2042	0.4199947211376771
2043	0.4213362662174204
2044	0.4198045532466291
2045	0.42074894099657895
2046	0.41998110140976064
2047	0.41942206102167967
2048	0.4205027613444599
2049	0.4204946396860676
2050	0.42042321997084103
2051	0.42146083569689946
2052	0.42021289097850356
2053	0.41964061405013897
2054	0.42016908144893766
2055	0.4206685424134731
2056	0.42017302071294477
2057	0.42121556047072267
2058	0.41915000915855527
2059	0.41969196733475744
2060	0.4202429700807903
2061	0.41974830309597455
2062	0.41952835383061937
2063	0.4192363411907833
2064	0.4194192475796076
2065	0.4187039755626854
2066	0.4189544741147211
2067	0.41958722325994724
2068	0.4199856294239004
2069	0.4190371325946725
2070	0.4189775308852355
2071	0.4194330122873626
2072	0.4193624971425094
2073	0.4188644597984913
2074	0.41834622281794015
2075	0.41900921499041877
2076	0.4185583543693342
2077	0.41942282239997136
2078	0.4199429316261134
2079	0.4186322557972336
2080	0.41902883925834383
2081	0.41830109382845976
2082	0.4183107952745324
2083	0.41883455589516067
2084	0.4203956695684526
2085	0.4183864245790269
2086	0.4181851995492064
2087	0.41823038848738425
2088	0.41855434473571174
2089	0.41989065726626773
2090	0.41861393103379857
2091	0.41924401891788754
2092	0.41830590433536147
2093	0.418010911157894
2094	0.4188534825584552
2095	0.4182799088327579
2096	0.41871972912437716
2097	0.4193680498395227
2098	0.4178999156515431
2099	0.41798762213149154
2100	0.41746073965357766
2101	0.4180556236199967
2102	0.4186329757958166
2103	0.4175250692422587
2104	0.41768444995085247
2105	0.417592277039122
2106	0.41787905639181433
2107	0.41769124722430767
2108	0.418473011306843
2109	0.4185970404409795
2110	0.4174765666655178
2111	0.4180666308352504
2112	0.41894846728950264
2113	0.4172410413942204
2114	0.4194679079992938
2115	0.4173062220394613
2116	0.4170581939931858
2117	0.4180487398363305
2118	0.419309513587051
2119	0.41711602538892745
2120	0.41734443781674363
2121	0.4173846897600878
2122	0.41840046334884856
2123	0.4176526604283638
2124	0.41786135488114645
2125	0.41788437221411545
2126	0.4175473613125611
2127	0.41909430650519514
2128	0.41719485601469064
2129	0.41803705159811233
2130	0.41732953611770013
2131	0.4167505342445188
2132	0.4171075195661294
2133	0.41726156083137583
2134	0.41691951800333754
2135	0.41645817872807533
2136	0.41769250016381665
2137	0.4166681460670327
2138	0.4164431162340094
2139	0.41845332194063084
2140	0.41726939102061344
2141	0.41665080668488147
2142	0.4182202454044117
2143	0.41697044872736133
2144	0.41723334538649814
2145	0.416646346142196
2146	0.41762891808824265
2147	0.41603062219554987
2148	0.4183090373195403
2149	0.41692444509520443
2150	0.4167138152305587
2151	0.4162381833745893
2152	0.41576007610556726
2153	0.4161340412877491
2154	0.41663163872101927
2155	0.41568217329928764
2156	0.41759847928983934
2157	0.4166897699143842
2158	0.4174450022652051
2159	0.4172485110796639
2160	0.41630686322730787
2161	0.415504487114743
2162	0.415979596475061
2163	0.41578387042858866
2164	0.4176934097820896
2165	0.41572166981730496
2166	0.4156965586813939
2167	0.4163612339771628
2168	0.4177140127920958
2169	0.4157134918965505
2170	0.4175969073881873
2171	0.415542298555138
2172	0.41591751262594207
2173	0.4150835081493761
2174	0.41594950873992975
2175	0.4160013334002222
2176	0.4156885321094165
2177	0.4158013692094825
2178	0.4150323735766532
2179	0.41689330398654767
2180	0.4170562754727894
2181	0.4151735386356223
2182	0.4166512583137259
2183	0.41523655247308755
2184	0.4151073300664419
2185	0.4147412498189941
2186	0.41670046175490505
2187	0.41575103017970405
2188	0.415480537363466
2189	0.4157705445395579
2190	0.4147558837631242
2191	0.41551647363238403
2192	0.41624968515809047
2193	0.415310818836968
2194	0.41448608509843166
2195	0.4144832654302789
2196	0.4147145037629223
2197	0.4152520515338614
2198	0.41579210489622453
2199	0.4148334482467523
2200	0.41513819473016356
2201	0.4146201017869926
2202	0.41512974799328595
2203	0.41487936738627695
2204	0.41409445363471326
2205	0.4140529329412348
2206	0.4154213916203862
2207	0.41428893098922476
2208	0.4148484490578054
2209	0.41403009229169085
2210	0.4141956921921027
2211	0.41669501839956447
2212	0.41457357200034883
2213	0.4149151965400104
2214	0.4140881330406556
2215	0.4144895813209091
2216	0.41378859473644025
2217	0.41483421013236516
2218	0.41420037318996306
2219	0.41427259002677447
2220	0.41388545137813576
2221	0.4137134041251
2222	0.4145727454408814
2223	0.41389090304719905
2224	0.4148085155142214
2225	0.41411058714616467
2226	0.41621557269623766
2227	0.41424204207487014
2228	0.4152329976044733
2229	0.4136506652561389
2230	0.414123244781061
2231	0.4146166327648548
2232	0.41380031538810685
2233	0.41435344508372907
2234	0.4139885171277983
2235	0.4144226552941446
2236	0.4140714260049178
2237	0.41425146303168453
2238	0.41475062467406015
2239	0.41430563915602486
2240	0.41356392590726654
2241	0.4137128349243796
2242	0.4132742805601548
2243	0.4133946075393585
2244	0.4131033293128596
2245	0.41381600036892924
2246	0.41407847789855123
2247	0.4138377255872933
2248	0.41293530059285993
2249	0.41348718423968206
2250	0.41315674284184234
2251	0.4128002511671884
2252	0.41355124422277145
2253	0.41291584126520875
2254	0.4130470236350823
2255	0.41263716379704485
2256	0.41465407262513815
2257	0.41358691992669866
2258	0.4133151550515581
2259	0.4139555449800858
2260	0.4124341227635384
2261	0.41327941243291855
2262	0.4132463046787813
2263	0.4131827143447435
2264	0.4132159265874236
2265	0.41229656308104984
2266	0.41263309073598087
2267	0.41243354208710703
2268	0.41299207177588837
2269	0.4126678455022293
2270	0.4125709843677179
2271	0.4130155848201214
2272	0.4140172912815967
2273	0.4134585686928442
2274	0.4120010161671123
2275	0.4123706424431012
2276	0.41278791299414297
2277	0.41204396699729134
2278	0.4134535897181085
2279	0.4128459106368492
2280	0.41223840381753446
2281	0.4116678776307079
2282	0.4119433117179696
2283	0.41394907777554535
2284	0.4122565452543304
2285	0.41258834171340064
2286	0.41171902518794995
2287	0.4123952172833852
2288	0.4129089652472765
2289	0.4122960404859018
2290	0.4124190695625793
2291	0.41236447983270047
2292	0.41163701023017574
2293	0.4120108965891342
2294	0.4123954839524296
2295	0.4114986010534142
2296	0.4129123948156589
2297	0.4125199046382199
2298	0.412023941985503
2299	0.4123213779181835
2300	0.4115395501509075
2301	0.41234097356142213
2302	0.41121232242983274
2303	0.4117214045830138
2304	0.41128774474170054
2305	0.4125751481775495
2306	0.41140782003485993
2307	0.41160167852412965
2308	0.4110735637453645
2309	0.412156444292633
2310	0.411047485010571
2311	0.4127477540512709
2312	0.4122528854548328
2313	0.41136949559234615
2314	0.4116327328051853
2315	0.4112657523242637
2316	0.4107934543817745
2317	0.4107209393304647
2318	0.4113331443346533
2319	0.4128151578476101
2320	0.4115739624274784
2321	0.4106981546267875
2322	0.41157402034942675
2323	0.4105769685944051
2324	0.41105787337662214
2325	0.4109898983585289
2326	0.4109040025290594
2327	0.41077616173161835
2328	0.41041853079964075
2329	0.41077581589531326
2330	0.41127475465115426
2331	0.41075706938771417
2332	0.4105086457187876
2333	0.40998313773639017
2334	0.4111373425742416
2335	0.41107038160203285
2336	0.41113479552198506
2337	0.4109797015941387
2338	0.4106044472340925
2339	0.4103589094219062
2340	0.41114094498207154
2341	0.411088982189618
2342	0.41004396501938534
2343	0.4104420781279852
2344	0.4113751041410108
2345	0.41012472177138565
2346	0.4108330667949751
2347	0.40989950943910497
2348	0.4110538075448798
2349	0.4108282346780989
2350	0.4103978028773405
2351	0.4101907432372834
2352	0.4102251102029373
2353	0.4106165863202307
2354	0.41033133564671165
2355	0.4110838334147644
2356	0.41055976446747827
2357	0.41006415046217387
2358	0.4103343048689149
2359	0.4108061593153789
2360	0.4100402198022776
2361	0.41055011817954945
2362	0.40945859501977483
2363	0.4101555595370092
2364	0.4100846214928202
2365	0.4103618282464373
2366	0.41061447649872884
2367	0.4108073080834741
2368	0.40968069335474266
2369	0.4118643812664997
2370	0.40997609231732834
2371	0.409830146670423
2372	0.4091570499210484
2373	0.41039436241397775
2374	0.40978946302427094
2375	0.41102201785784365
2376	0.4101448631025135
2377	0.409878772534245
2378	0.4092472350501204
2379	0.4105836244636731
2380	0.409936997855105
2381	0.4106987698130536
2382	0.4091250692439174
2383	0.40981041111003186
2384	0.4094580043029429
2385	0.40915299610159084
2386	0.4099867404290569
2387	0.40955745574666036
2388	0.4099159190234999
2389	0.41104444772109955
2390	0.4096184080627122
2391	0.4098389259220178
2392	0.4098529130974974
2393	0.4089826217031127
2394	0.40872132408994355
2395	0.4090261476690514
2396	0.4084627465049238
2397	0.4095919382966329
2398	0.40945413301381184
2399	0.40932360890727354
2400	0.40865331987540127
2401	0.409186183692286
2402	0.4085630664789724
2403	0.40886423559103446
2404	0.4092983856792372
2405	0.4091403752819738
2406	0.40841249702283255
2407	0.4085428563927394
2408	0.4084458597493385
2409	0.408266302788369
2410	0.40855489078822077
2411	0.4092351308761536
2412	0.41029164561489206
2413	0.40932829215872835
2414	0.4088056736748726
2415	0.40919268127668806
2416	0.40905472632468853
2417	0.40930310801925057
2418	0.40891029278445296
2419	0.40828279171354465
2420	0.4081996889349604
2421	0.40883313051102427
2422	0.408998219788382
2423	0.4089222802358213
2424	0.4083587084954111
2425	0.40805639905896174
2426	0.4095008814814155
2427	0.4088731243537624
2428	0.4079121655606474
2429	0.40911217547434187
2430	0.40862138603883713
2431	0.4083488447706404
2432	0.4085949646937356
2433	0.4079954756575968
2434	0.4084791951130976
2435	0.408539810292143
2436	0.40822164185364895
2437	0.407445428287754
2438	0.4079690425288947
2439	0.4084340601927617
2440	0.40813682721438643
2441	0.4082018038302234
2442	0.4082715418128432
2443	0.40777102318172553
2444	0.40928665308263795
2445	0.40798395208832905
2446	0.40722525014843625
2447	0.40772192937817064
2448	0.40749567762170025
2449	0.40725185514522994
2450	0.4074248129331459
2451	0.40854063173214966
2452	0.4073588835275298
2453	0.4083898673219452
2454	0.4085989754640377
2455	0.4078079952893457
2456	0.40737678839176666
2457	0.4082426658518197
2458	0.4075260058170378
2459	0.408830338289394
2460	0.40736618151836623
2461	0.407202316456614
2462	0.4086010570507741
2463	0.4075921325213749
2464	0.407450113066913
2465	0.4074309030856277
2466	0.40690737757299533
2467	0.4072043124769441
2468	0.40754864096208177
2469	0.407461444585516
2470	0.40775637133283255
2471	0.4066827774316881
2472	0.40689682814514205
2473	0.40724250597467043
2474	0.4084645370541652
2475	0.4067108547984009
2476	0.4066480386984547
2477	0.40799917694945376
2478	0.4068730870161138
2479	0.40662436904303767
2480	0.4066426677922894
2481	0.40677205174322595
2482	0.40715467804483935
2483	0.40630032662678056
2484	0.40705371610467234
2485	0.4065810778329263
2486	0.4077977016269627
2487	0.40658865685872875
2488	0.4083605454306016
2489	0.4070951550355726
2490	0.4063352220494375
2491	0.4075872830669533
2492	0.40618767882946266
2493	0.40658485531349614
2494	0.4070523949976783
2495	0.40629460687558877
2496	0.4061331717508755
2497	0.4069744522796019
2498	0.4065493804155978
2499	0.407331391083529
