0	3.377476290125235
1	3.2834190933509566
2	3.2250917441109395
3	3.18523928418258
4	3.1609750934303724
5	3.1417217530152093
6	3.129931747841848
7	3.121713764096322
8	3.115296821556758
9	3.1104623121643753
10	3.1073868484202727
11	3.1047351624507105
12	3.102735604879265
13	3.101244992573979
14	3.0998922782657115
15	3.0987475207005173
16	3.0980713591970894
17	3.097209924726447
18	3.096638229028007
19	3.0958487073832512
20	3.0954528081447807
21	3.095082193258045
22	3.0946602401306738
23	3.0943111647790125
24	3.093944863906849
25	3.093756733127587
26	3.093408228632599
27	3.0931395435282667
28	3.092940783367464
29	3.092670511327186
30	3.092391428749103
31	3.092160065520148
32	3.091927392814787
33	3.091743153195008
34	3.0915443390908024
35	3.0912485869600346
36	3.0909216087661884
37	3.0906454502023393
38	3.0904369430409697
39	3.090200419086305
40	3.0898629729777314
41	3.0895464383103035
42	3.0892018322863333
43	3.0888582495982626
44	3.0885411735414032
45	3.0881248382736657
46	3.087778130711331
47	3.0874017748340052
48	3.0870822192178924
49	3.0866809282206122
50	3.086266527612227
51	3.0857338852020417
52	3.08522906012079
53	3.0847444993229063
54	3.0841948923390117
55	3.083646071193779
56	3.083058317873398
57	3.082352841204628
58	3.0816805010061783
59	3.0809471420657353
60	3.0802066082135444
61	3.0794623431667865
62	3.0786991337478944
63	3.077975021484692
64	3.0769801067669973
65	3.076036030681053
66	3.075042435591671
67	3.0740896312456614
68	3.0729894603720664
69	3.071629751311026
70	3.0702885503018753
71	3.068955944957918
72	3.067583219642862
73	3.066190373211406
74	3.064643249997368
75	3.0627559735523127
76	3.0609753601741323
77	3.059293960423294
78	3.0572064509081365
79	3.0551351688915815
80	3.052827894304551
81	3.050164907964842
82	3.0477575063011084
83	3.044859882036995
84	3.0419198579581934
85	3.0389028385864254
86	3.03524218367805
87	3.0318854840553984
88	3.0280651690078106
89	3.023575323620007
90	3.019424726106955
91	3.014460061981614
92	3.009600546934254
93	3.0038815806683643
94	2.9978589780920197
95	2.991473877875425
96	2.984605809407163
97	2.9768734961418133
98	2.968948770000213
99	2.9594660394131296
100	2.950430987023421
101	2.9397816271456536
102	2.92900494500296
103	2.9171818876517785
104	2.904381612503728
105	2.890696470226626
106	2.8761166839672256
107	2.859894386972602
108	2.8421710681678527
109	2.823555644904298
110	2.804602040688791
111	2.783541965099559
112	2.761236384502313
113	2.7398514604171282
114	2.7166734316872745
115	2.6902255692852295
116	2.6675419557926716
117	2.6396545708394537
118	2.6144714629159673
119	2.5903757735716475
120	2.56240317089538
121	2.5326674239120806
122	2.507002052827227
123	2.4831489830972333
124	2.4553394045343606
125	2.427675384259662
126	2.4027833556886824
127	2.377591435736108
128	2.349673830791657
129	2.325620582747142
130	2.299723876569915
131	2.271419713041622
132	2.2485287050573755
133	2.2204977834453103
134	2.1969552324882566
135	2.1710963463903994
136	2.1455505636406986
137	2.119687126876556
138	2.0961807436956015
139	2.067338387307185
140	2.0414922029225866
141	2.016889657460099
142	1.9869313365296537
143	1.9592168567528323
144	1.933107220723711
145	1.904518407424798
146	1.8795311954220035
147	1.85022094387432
148	1.8194525025160049
149	1.7923337896606264
150	1.763946163713654
151	1.7356524005377616
152	1.7082831776771386
153	1.6782219649255954
154	1.6494503873123185
155	1.6219155522661601
156	1.5945200753763233
157	1.5666600537498432
158	1.5390660415895072
159	1.512999723098825
160	1.4871226091509486
161	1.4594300697877935
162	1.4345336135370532
163	1.410156384217011
164	1.3837714968481576
165	1.3595781659847763
166	1.3350786931890815
167	1.3106576449456278
168	1.287905367173238
169	1.2650382342974376
170	1.241874164375844
171	1.2200034272573936
172	1.1990214800549417
173	1.1768274908871736
174	1.1553289383709624
175	1.1340524238761394
176	1.114178538583112
177	1.0947080650475363
178	1.0736266355010013
179	1.0544260333892859
180	1.0365729168821214
181	1.0163946115318567
182	0.9990009682126761
183	0.9805702339223472
184	0.9630612918946166
185	0.9464912607967222
186	0.9301827525207759
187	0.9131904066995695
188	0.8976622301550372
189	0.8808455370130013
190	0.866493347360057
191	0.8507967645407635
192	0.8359694794893021
193	0.8214388545857484
194	0.8072397021152462
195	0.7933830622796578
196	0.7804047132629852
197	0.7675746160788446
198	0.7545540996497325
199	0.7420950598207325
200	0.7298318462252467
201	0.7178458087546368
202	0.7061666751836297
203	0.6947264299643865
204	0.6843990756818081
205	0.673103073731602
206	0.6624180068937876
207	0.6523195650206925
208	0.6421609136538688
209	0.6323701185321648
210	0.6223798619882519
211	0.6133611855192649
212	0.6040447691042101
213	0.5950510299098211
214	0.5868223995461741
215	0.578121286415539
216	0.5701016365230515
217	0.5616912505515843
218	0.5534491467106282
219	0.5461545801101187
220	0.5381030829041588
221	0.5309620031436055
222	0.5236700751989416
223	0.5168612067558188
224	0.5095915467578754
225	0.5031478734038769
226	0.49638124599221994
227	0.49004187940654687
228	0.4834424825691964
229	0.47749972248077327
230	0.47144027098605956
231	0.46530353405355407
232	0.45960900241799896
233	0.4541419303055314
234	0.44847321434861664
235	0.4430516984383671
236	0.43772022852094966
237	0.43259317671999464
238	0.4276453221290608
239	0.4225429312510636
240	0.41784052441978453
241	0.4130530940567488
242	0.40811778672642385
243	0.40355989398750963
244	0.39912868266628887
245	0.394768412012929
246	0.39030509087422144
247	0.3861580860640969
248	0.3818965529945241
249	0.37793774557726717
250	0.37386015338377626
251	0.37001432874391793
252	0.36619233311893606
253	0.3624330659481734
254	0.35853346996343904
255	0.3548933840469798
256	0.35143983164132053
257	0.347933856722575
258	0.34435741745026843
259	0.3410385058551504
260	0.3377692583715306
261	0.33450783154911184
262	0.33119246556821047
263	0.32799220690126296
264	0.32502645179663436
265	0.32196360822747133
266	0.31899720809040555
267	0.31601255799119216
268	0.31316202654185943
269	0.31029251985801565
270	0.3074831575578336
271	0.3046504381565208
272	0.3020235724535686
273	0.299286765752929
274	0.29672830179267223
275	0.29409433129081014
276	0.2915941489740752
277	0.28911536589016074
278	0.2865430509283617
279	0.2842336690023588
280	0.28174680980257016
281	0.27949739990738115
282	0.27707555125816463
283	0.2748996293083934
284	0.2726853723306996
285	0.2703658704215005
286	0.2682299159283258
287	0.2661335306084657
288	0.2639763536196623
289	0.26194757586422296
290	0.2598910382768973
291	0.2577824746605203
292	0.2558774441605294
293	0.2539060282721627
294	0.2518864634680509
295	0.25002865209907743
296	0.24809449517464754
297	0.24632499358890905
298	0.24445475232822597
299	0.2426854768705153
300	0.24082750512416468
301	0.2391190833393053
302	0.23741432318026323
303	0.2356303076342139
304	0.23394703950607848
305	0.23228139836920073
306	0.23073230777101433
307	0.2290241739046694
308	0.22743250154384653
309	0.22586139662237661
310	0.22438787452616762
311	0.22277832044017776
312	0.2212601147433318
313	0.21979828851634872
314	0.21825345903346804
315	0.2167971867361017
316	0.2154340107858183
317	0.21394190160907384
318	0.21253440399168375
319	0.21121085527677663
320	0.20975916716056967
321	0.20840889043986216
322	0.20707950683412996
323	0.20581215592874458
324	0.2044929302366646
325	0.20314035856990387
326	0.20188985852522034
327	0.2006340589908904
328	0.19933540505853078
329	0.19815878204720505
330	0.19693252786103288
331	0.1956648570061763
332	0.1944772360373982
333	0.19335066209717494
334	0.1921741273636871
335	0.19102299952360974
336	0.1898775927180786
337	0.18870200556503625
338	0.18763220016662435
339	0.18653633535729752
340	0.18545373156516856
341	0.18437107268853187
342	0.1832537625997408
343	0.18220125301032097
344	0.18121446659453902
345	0.18016694463254762
346	0.1791503806254442
347	0.1781393176927174
348	0.17713910945369074
349	0.1761333514844729
350	0.1751685320348991
351	0.1742036138020835
352	0.17324009414345184
353	0.1722922736891379
354	0.1713404701284254
355	0.17042687028783132
356	0.1694669999206332
357	0.16860046893453204
358	0.16767822866289026
359	0.16678600041049474
360	0.16591998426331483
361	0.16504199896309335
362	0.16416083650792496
363	0.16331234782133067
364	0.16243340662759417
365	0.1615923246569118
366	0.16078947616979783
367	0.1599698405025166
368	0.15911626292914832
369	0.15834506667874207
370	0.15754274760358106
371	0.15674954421065998
372	0.15596382933297093
373	0.15517966469809977
374	0.15437628381342489
375	0.15363707158990522
376	0.15289257389952537
377	0.1521410264378081
378	0.15138747445948803
379	0.15063099153728704
380	0.14992214584650862
381	0.14921227758392347
382	0.1484952776181103
383	0.1477724383441531
384	0.1470803234160963
385	0.14638321888058348
386	0.14566264867163475
387	0.1449786375755291
388	0.1443017347020108
389	0.14365759567869313
390	0.14299113452818107
391	0.1423011906160885
392	0.1416493824570612
393	0.14100032392496184
394	0.14035632936723152
395	0.1397517174624687
396	0.13908963057132578
397	0.13849001140152845
398	0.13786546755683454
399	0.13724774726596814
400	0.13663391864076094
401	0.13602660076696008
402	0.13541640550089143
403	0.13480135847286104
404	0.13423600293184285
405	0.13363998671799615
406	0.13304142771630167
407	0.13246582308200405
408	0.13191869194957426
409	0.13132762163733944
410	0.1307662760001816
411	0.13020805664641472
412	0.12967834436197478
413	0.1291025748340662
414	0.12858362183794847
415	0.12804080343722385
416	0.1275038201086293
417	0.12695097729599913
418	0.12644515414917745
419	0.125920705266885
420	0.12537989489075507
421	0.1248817475057938
422	0.12435054775112384
423	0.12386429392242725
424	0.12334024783810038
425	0.12286374219904114
426	0.12234334291807303
427	0.12185424508636977
428	0.12136807156249654
429	0.12089918534262713
430	0.12041806109610545
431	0.11993928968932374
432	0.11946713562927368
433	0.11897541555820478
434	0.11852943453836358
435	0.118063934516214
436	0.11760419281645429
437	0.11714866775618896
438	0.11669016856008388
439	0.11622250867817036
440	0.1157784013234282
441	0.11535340810656111
442	0.11491394373867563
443	0.11445937862954558
444	0.11404313561585155
445	0.11361166207217747
446	0.11316710674981413
447	0.11274369074927097
448	0.11233365461863576
449	0.11191959939004088
450	0.11148737618223062
451	0.11107499071254817
452	0.11068088124624575
453	0.11025760299500639
454	0.10985520873761234
455	0.10946934481157569
456	0.10906554718761552
457	0.108667745329692
458	0.10827868610311195
459	0.10788851670899734
460	0.10749578268118469
461	0.10709967968832053
462	0.10671888114847053
463	0.10634922687812796
464	0.1059758535524629
465	0.10558635330336243
466	0.10523056869077999
467	0.10484523044299407
468	0.10447892675532582
469	0.1041151347781406
470	0.10375391160844524
471	0.10340838812523914
472	0.10304990710662133
473	0.10268965819268663
474	0.1023357161685634
475	0.10198410065232172
476	0.10163739989448614
477	0.10129314114530287
478	0.10094884112241495
479	0.10060813326728399
480	0.10026729470407619
481	0.0999293840409837
482	0.09959511807450813
483	0.09926308191071928
484	0.09891887420683504
485	0.09859884420426056
486	0.0982719390449974
487	0.0979501467963402
488	0.09762653946132799
489	0.0973083212073061
490	0.09697638067459853
491	0.09666095236446157
492	0.0963587978715979
493	0.09603326237294638
494	0.09572390484566612
495	0.09541608640051039
496	0.09511683429114814
497	0.0948132705238539
498	0.09450961282787236
499	0.09420919673496927
500	0.09390912249104862
501	0.09360100166953783
502	0.09331629332722363
503	0.09302236190598008
504	0.09272655370102895
505	0.09242864307282786
506	0.09215045658090394
507	0.09186350180889136
508	0.09157463949052838
509	0.09128359678808619
510	0.09100128214257534
511	0.09073064246591903
512	0.09045121781893486
513	0.09016536990816927
514	0.08989725485902819
515	0.08961626940624
516	0.08935433202443933
517	0.08907343841757315
518	0.0888144142968132
519	0.0885372631347857
520	0.08827153960184374
521	0.08801600414258876
522	0.08775286082520255
523	0.08748851945564594
524	0.08722824077108535
525	0.08697060124271042
526	0.08671479550923239
527	0.08645940311198137
528	0.08620216224444151
529	0.08594300003527255
530	0.08569799663901957
531	0.08545103269198306
532	0.0851992666852277
533	0.08495332491081238
534	0.08470027008538847
535	0.08446296388882436
536	0.08421231321998791
537	0.0839792014582004
538	0.08373791538620737
539	0.08349963296687815
540	0.08325326413032534
541	0.08302432759379903
542	0.0827870242584314
543	0.0825476943257466
544	0.08232284463249727
545	0.08208281869207279
546	0.08186006971139453
547	0.08163174579150471
548	0.08139585639939934
549	0.08117752327984533
550	0.08094497073463108
551	0.08072886266730186
552	0.08050532980715808
553	0.08028107639591266
554	0.08006017706319243
555	0.07983490068338128
556	0.07962247125511727
557	0.0794049427371529
558	0.07918379243114476
559	0.07896851452290957
560	0.07875530937904177
561	0.07854287530556013
562	0.0783385402947086
563	0.0781205798765911
564	0.07791142886782719
565	0.07771047875563791
566	0.0775034320823349
567	0.0772946369459791
568	0.07708443803329773
569	0.07688705002889915
570	0.07668382390631363
571	0.07647524189041827
572	0.07627437474353248
573	0.07608014780546488
574	0.07588137824612523
575	0.07567690240630057
576	0.07548449996870504
577	0.07528905435649177
578	0.0750935964980515
579	0.07489954366759344
580	0.07470488835479293
581	0.07450767379990819
582	0.07432210742478335
583	0.07412649097588932
584	0.07394241981416966
585	0.07375279218783776
586	0.07356647088629387
587	0.0733784319252932
588	0.07319276929678653
589	0.07300792182024049
590	0.0728247276198803
591	0.07264083921339463
592	0.07245456152991901
593	0.07227885003521745
594	0.07209861232463079
595	0.07191878988632233
596	0.07173425010692727
597	0.07155650413155153
598	0.07138500254651935
599	0.07120354717840094
600	0.07103384070180993
601	0.07085827651360431
602	0.07067994011820704
603	0.07051152932512042
604	0.07034003450440213
605	0.07016888925675463
606	0.06999675924278131
607	0.06982707442126594
608	0.06965913800708894
609	0.06948984340078423
610	0.0693240642008701
611	0.06915598866388568
612	0.06899163576684124
613	0.06882641812142737
614	0.06865708189215143
615	0.06849378695365403
616	0.06833443663708227
617	0.06817303026101235
618	0.06800763156765727
619	0.0678469173083383
620	0.06768724969565412
621	0.0675330065010804
622	0.06737463880825681
623	0.06721179286069258
624	0.06705955725746764
625	0.06689873835517407
626	0.06674303223578787
627	0.066592798341223
628	0.06643840848420211
629	0.0662806632542617
630	0.06612752746710282
631	0.06597582554653707
632	0.06582769506141016
633	0.06567751924607731
634	0.06552325590433768
635	0.06537821089169886
636	0.06522484290054084
637	0.06507699688624889
638	0.06493248409356399
639	0.06478248455959125
640	0.06463618189729682
641	0.0644908913479241
642	0.06434885453102493
643	0.06420129631975091
644	0.06406065468763703
645	0.06391725127425266
646	0.06377444762385759
647	0.06363324169594288
648	0.06349150419161301
649	0.06335013100308512
650	0.06321002786256187
651	0.06307124918719016
652	0.0629315130538668
653	0.06279023880041834
654	0.06265594869060495
655	0.06251869000542805
656	0.062381599510510186
657	0.06224552096600324
658	0.06211008471758246
659	0.06197254556534875
660	0.06184135615581985
661	0.06170440835734229
662	0.061574838077972024
663	0.06144245859527894
664	0.06131005857344975
665	0.061177482744279386
666	0.06104740569137207
667	0.06091691224739732
668	0.06078341657403434
669	0.06065704447034324
670	0.06052768632454269
671	0.060399995614466906
672	0.06027265372769905
673	0.06014506181399114
674	0.06001724694544981
675	0.059888434896648426
676	0.05976276049528474
677	0.059637436822382595
678	0.059512487444407555
679	0.05938862164743514
680	0.0592679889321018
681	0.059144886327341994
682	0.05901867474809502
683	0.058898965442611445
684	0.0587775228115113
685	0.05865335171860285
686	0.058535777221223745
687	0.0584119318563699
688	0.05829231381414584
689	0.05817601201768431
690	0.05805395983035794
691	0.0579388937076687
692	0.05781771883197756
693	0.05770307811752824
694	0.05758299465486803
695	0.057469657643586795
696	0.05735037883135777
697	0.05723476890337851
698	0.057119532965866776
699	0.05700698126361574
700	0.05689247583942404
701	0.05677880313734073
702	0.05666535293398435
703	0.056552436808543105
704	0.05643978147253172
705	0.05632777892301773
706	0.05621261895277223
707	0.056104650184632156
708	0.055990591914998944
709	0.05588231544491599
710	0.055770022046232805
711	0.055663387241722796
712	0.055551321408359014
713	0.05544536713689817
714	0.05533696088614039
715	0.05522612377093497
716	0.055118552779874916
717	0.055013426280948775
718	0.05490446370446621
719	0.05480016583590773
720	0.054694815646085644
721	0.05458894054154825
722	0.05448113178245637
723	0.05437909957298964
724	0.05427194394405521
725	0.0541698893546194
726	0.05406427649995686
727	0.05396342420109622
728	0.05385806609386638
729	0.053755510065380936
730	0.053653448049846966
731	0.053551762509942716
732	0.05345045279648154
733	0.05335211398887852
734	0.053251437171939336
735	0.05314850426347685
736	0.05304847995175299
737	0.052951843981186186
738	0.052851668775926536
739	0.05275353402618123
740	0.05265410306376027
741	0.05255406089212037
742	0.052458802226164905
743	0.05236111551692507
744	0.0522634437760518
745	0.05216724015154533
746	0.05206836419851405
747	0.05197482385048746
748	0.051878436156759994
749	0.05178359291923752
750	0.05168617527902261
751	0.05159369641884556
752	0.05149705417810621
753	0.05140313080550497
754	0.05131115915123245
755	0.05121815397586236
756	0.051124598315610316
757	0.05103241457342018
758	0.050940174602527394
759	0.05084796884974755
760	0.0507555322928784
761	0.05066467270031259
762	0.050573583333762606
763	0.050480502274877034
764	0.05039228160322714
765	0.050302100328459595
766	0.05021220259828347
767	0.050122476926145104
768	0.050033056798535876
769	0.049944404324202926
770	0.04985541238061826
771	0.049767070398987326
772	0.04967715482891339
773	0.0495914224781106
774	0.04950354454877778
775	0.049416971961606194
776	0.049329955681088486
777	0.04924355951497855
778	0.049155183853005185
779	0.04906927957851746
780	0.04898364852869866
781	0.04890040241292348
782	0.048813219181991344
783	0.04872842250594708
784	0.04864398257933958
785	0.04856151255876996
786	0.04847777402628328
787	0.04839213303860247
788	0.048310169286204296
789	0.04822701763962428
790	0.04814411842098612
791	0.048061474233275
792	0.04797967881474051
793	0.04789778490455003
794	0.04781592848385003
795	0.047732437336808035
796	0.047651253193682006
797	0.0475702476171119
798	0.04748960497410124
799	0.04740940581507683
800	0.0473312542694128
801	0.04724921541358282
802	0.04716975861087194
803	0.04709227871660627
804	0.047013136079898696
805	0.04693427246616236
806	0.04685366192428134
807	0.046776787817880125
808	0.046697300993453414
809	0.046621142530473954
810	0.04654179483458062
811	0.04646449647847965
812	0.04638925806715122
813	0.04631222239551112
814	0.046235794341618786
815	0.04615750935746518
816	0.046081509473147764
817	0.0460074107839702
818	0.04593002910491119
819	0.04585635529044174
820	0.045779440608442294
821	0.045706341898271816
822	0.04562978337972261
823	0.045557273658181914
824	0.04548305666115242
825	0.04540901668927524
826	0.04533346208466932
827	0.04526143708189786
828	0.04518786608024889
829	0.045115199524774566
830	0.04504231095955065
831	0.04496806960035065
832	0.04489571517662229
833	0.04482364350751065
834	0.04475180047318326
835	0.044681821790528785
836	0.04460858056012544
837	0.04453876173972102
838	0.04446615793055973
839	0.04439549471771388
840	0.0443249362258127
841	0.04425623717164168
842	0.044184401642736085
843	0.04411452569891623
844	0.04404636335653182
845	0.04397633758338959
846	0.04390734112316991
847	0.04383781147331046
848	0.043769007879159334
849	0.04369899532148988
850	0.0436305292989647
851	0.043563876760535206
852	0.04349581452835749
853	0.043427827059474365
854	0.043360161522727786
855	0.043292685186526514
856	0.04322529933163709
857	0.04315685662804396
858	0.043090030448786246
859	0.04302335572577213
860	0.042957087951299495
861	0.04289082753189469
862	0.04282627034364232
863	0.04275897789127082
864	0.042694405047095874
865	0.04262923271102321
866	0.04256357326013664
867	0.04249867312125591
868	0.04243348813563483
869	0.04236769269197797
870	0.04230463870855949
871	0.04224041746733627
872	0.04217621830009945
873	0.042110878052457154
874	0.042048568807740015
875	0.04198459583351937
876	0.041920170115396865
877	0.041858042194269224
878	0.04179537202711055
879	0.04173117391336486
880	0.041669933241738746
881	0.04160611488868181
882	0.04154520680413842
883	0.0414829809044146
884	0.041419851931543156
885	0.04135931530450519
886	0.04129771901394376
887	0.0412363011024168
888	0.04117517511758612
889	0.04111282676585329
890	0.04105200405794841
891	0.04099140709553298
892	0.040931851202251145
893	0.040870519360211334
894	0.040810328683412334
895	0.04075048873774248
896	0.040691602403372204
897	0.04063096186968625
898	0.040571519314647614
899	0.040513161596956684
900	0.040454311378789694
901	0.04039411959428032
902	0.04033534444059864
903	0.04027760898834189
904	0.040219219290649644
905	0.040161062987814966
906	0.04010287977503135
907	0.04004371215438801
908	0.03998708265345054
909	0.03992822826422199
910	0.039870785653313236
911	0.039814631885349075
912	0.039756180293627305
913	0.039700115114256335
914	0.03964352063956722
915	0.039586826940692904
916	0.03953026316826075
917	0.03947260937092787
918	0.039417468424464655
919	0.0393611878988773
920	0.039305225731156676
921	0.03924857141272828
922	0.03919302466656649
923	0.03913870645709905
924	0.039083269727995515
925	0.039028070067682046
926	0.03897200233661195
927	0.03891829919449572
928	0.03886346129444216
929	0.03880896246116857
930	0.038754542427477584
931	0.038699194979508786
932	0.038646077271771447
933	0.038591097570905925
934	0.03853806224096898
935	0.03848436806058625
936	0.038430007404136525
937	0.03837665597688193
938	0.03832438658021546
939	0.038271067859230554
940	0.0382172212998834
941	0.038164488308594084
942	0.038112731889921446
943	0.03806031932592199
944	0.03800763193283285
945	0.037955482893771125
946	0.03790238389040063
947	0.03785125894465778
948	0.03779856124903112
949	0.037746960544851285
950	0.037696328672154604
951	0.037644978464273
952	0.03759264204923398
953	0.03754143548203885
954	0.037491244325624375
955	0.03744032907421217
956	0.037388807133952505
957	0.037339054389092456
958	0.037287689129084714
959	0.03723820441814003
960	0.03718708817718239
961	0.03713802456991205
962	0.037088037275637004
963	0.03703805869965336
964	0.03698849157000014
965	0.0369389092760983
966	0.03688931205363077
967	0.03684012230797709
968	0.03679066957185935
969	0.03674088016159554
970	0.0366928276695998
971	0.03664407812344404
972	0.0365951567837348
973	0.03654582009809896
974	0.03649816103903548
975	0.0364500769871815
976	0.03640093880739701
977	0.03635382853503902
978	0.03630565724279052
979	0.03625716028040647
980	0.03621037626369966
981	0.03616182729813155
982	0.036115363563131886
983	0.0360678972394498
984	0.03602085524330787
985	0.03597358254323435
986	0.035925820930191955
987	0.03587989138339459
988	0.035833154466231254
989	0.03578557377049111
990	0.03573909043874508
991	0.03569366371433855
992	0.03564726984524669
993	0.035600368770485294
994	0.035554355545216285
995	0.03550843593483266
996	0.035463446042395166
997	0.03541773121560746
998	0.03537208886697958
999	0.03532666005955481
1000	0.035281156472361914
1001	0.035235273950235235
1002	0.03519015160327619
1003	0.03514601289144197
1004	0.03510113430649692
1005	0.035055433961529714
1006	0.03501084585646654
1007	0.03496699498716721
1008	0.03492180987900506
1009	0.03487748209743359
1010	0.03483401797232953
1011	0.0347891150000096
1012	0.03474511399951129
1013	0.034701169324417185
1014	0.034658247933089206
1015	0.03461442955449736
1016	0.03457071577621168
1017	0.034527318738952775
1018	0.034484049986766685
1019	0.034440558749050706
1020	0.034396768857893195
1021	0.034354319617593526
1022	0.03431071694821119
1023	0.03426871652557749
1024	0.03422598320721236
1025	0.0341825273869906
1026	0.034140030329584334
1027	0.03409830277682557
1028	0.03405524079033101
1029	0.03401381041566217
1030	0.03397159486977119
1031	0.033928828831102265
1032	0.03388692656926204
1033	0.03384567273769284
1034	0.03380416439166041
1035	0.03376250944684259
1036	0.0337201578131161
1037	0.03367874263647841
1038	0.033638024561839286
1039	0.033596982549228036
1040	0.03355563313714363
1041	0.033514788950935515
1042	0.03347311115277675
1043	0.03343228156771856
1044	0.03339153601348885
1045	0.03335163132130963
1046	0.033311014777804585
1047	0.03327041259779463
1048	0.033230116306078854
1049	0.03318974050115206
1050	0.033149648194280144
1051	0.03310946595612502
1052	0.033069676963774775
1053	0.03302977104311505
1054	0.03298926224184059
1055	0.032950091098499
1056	0.032909951272229024
1057	0.0328709624391337
1058	0.03283102450690969
1059	0.03279220151337499
1060	0.03275317586292674
1061	0.032713978169121014
1062	0.03267492749644756
1063	0.03263524165875766
1064	0.032597069677116695
1065	0.03255828100968479
1066	0.03251961239040804
1067	0.032480785472354834
1068	0.032441741886526355
1069	0.032404008156690874
1070	0.032364999558974525
1071	0.03232673019477834
1072	0.03228925252888037
1073	0.03225050448222874
1074	0.032213201910991154
1075	0.03217462941613181
1076	0.03213679696604376
1077	0.03209907633273879
1078	0.0320620190679963
1079	0.032023873186550825
1080	0.031987006498375374
1081	0.031949556518427964
1082	0.03191227072424165
1083	0.031875126849183616
1084	0.03183797757486666
1085	0.031800258766847236
1086	0.031763247118103154
1087	0.03172641540243022
1088	0.031690257959119936
1089	0.031652861289399425
1090	0.03161682254641999
1091	0.03157966456917166
1092	0.03154323446520141
1093	0.03150687943922338
1094	0.031471139330120454
1095	0.03143494494776391
1096	0.03139863650047882
1097	0.03136255284162648
1098	0.031326079419242064
1099	0.031290848155622636
1100	0.03125482681527836
1101	0.031219229342971333
1102	0.031182942051621518
1103	0.03114732654086831
1104	0.03111248371342573
1105	0.031076987676432345
1106	0.03104168515988498
1107	0.031005758499560658
1108	0.03097057480340951
1109	0.030935469122819637
1110	0.03090092316030635
1111	0.030866120099213325
1112	0.030831210722092713
1113	0.030796388297145566
1114	0.030761571348155874
1115	0.030726385226805514
1116	0.03069240722436695
1117	0.03065789906916451
1118	0.030623415357967046
1119	0.030589017831968338
1120	0.030554805689973236
1121	0.030520605984656692
1122	0.03048632040725489
1123	0.030452315865762393
1124	0.030417824585297112
1125	0.03038436026844217
1126	0.030350101667070292
1127	0.030316936339073872
1128	0.030282649088426282
1129	0.030249602470238838
1130	0.030215510057704915
1131	0.030182037413181984
1132	0.03014920206741589
1133	0.03011573345806185
1134	0.030082614409386327
1135	0.03004941690789934
1136	0.030015764819245592
1137	0.02998321988028831
1138	0.029950236207518792
1139	0.029916792270263757
1140	0.02988440536830682
1141	0.029851634651311514
1142	0.02981900381279388
1143	0.029786446809239253
1144	0.029753322954340394
1145	0.02972127687717228
1146	0.029688949866648634
1147	0.029656598050710213
1148	0.02962382132157081
1149	0.02959215775057334
1150	0.029559971723294214
1151	0.02952796354734894
1152	0.02949593019040217
1153	0.029463462998924904
1154	0.029432085185990615
1155	0.029399800434452568
1156	0.029368545204789705
1157	0.02933636400740791
1158	0.029304800290962295
1159	0.02927328277347237
1160	0.029242192904913394
1161	0.029210773942997054
1162	0.02917901912486201
1163	0.029148289715015745
1164	0.0291170401373294
1165	0.029085929735548615
1166	0.02905433939693971
1167	0.029023332974774947
1168	0.028992398914240488
1169	0.028962043492269166
1170	0.028931154326464988
1171	0.028900385393494477
1172	0.028869223906497758
1173	0.028838972563641898
1174	0.028808458838224055
1175	0.02877797174424697
1176	0.028747573578672032
1177	0.02871719584321024
1178	0.028686868973085505
1179	0.028656098620259272
1180	0.028626434144299703
1181	0.028596227756709544
1182	0.028565739618454287
1183	0.028535731777733483
1184	0.028505793334006505
1185	0.028476280800807996
1186	0.028446092888726987
1187	0.028416810449855102
1188	0.028386983862492794
1189	0.028357340001956298
1190	0.028327868198452413
1191	0.028298223912045534
1192	0.028268876186242485
1193	0.028239010125054313
1194	0.02820968454884127
1195	0.0281807398188474
1196	0.028151589811655567
1197	0.028121990850817288
1198	0.028093237762153563
1199	0.028064265407006152
1200	0.02803530911532549
1201	0.028006375553286215
1202	0.027977050146084245
1203	0.027948580674691904
1204	0.027919868671135273
1205	0.027891108638715485
1206	0.02786246330937529
1207	0.02783354386748369
1208	0.027805493208227783
1209	0.02777654319297434
1210	0.02774852283956898
1211	0.027719773102094114
1212	0.027691863579179504
1213	0.027663675599906033
1214	0.027635048868057042
1215	0.02760724446860644
1216	0.027579217235820512
1217	0.02755125719405027
1218	0.027522822639753648
1219	0.027495315896134638
1220	0.027467455861584188
1221	0.027439712023085594
1222	0.027411928001483874
1223	0.027384270683050244
1224	0.0273565275819711
1225	0.027329010874877213
1226	0.027301514305517756
1227	0.0272739323352915
1228	0.027246515347295976
1229	0.027218838341305902
1230	0.027191944505118255
1231	0.027164643454442337
1232	0.027137466773030177
1233	0.027110338713469725
1234	0.027083110719387092
1235	0.027056161091937127
1236	0.027029166925323075
1237	0.02700178527937254
1238	0.026975352992290244
1239	0.026948393733813393
1240	0.02692130437783683
1241	0.026894572428041476
1242	0.026867885109110822
1243	0.026841251583409442
1244	0.026814682523549828
1245	0.026788461889801163
1246	0.026761684810228517
1247	0.026735656046555416
1248	0.02670924403037222
1249	0.026682946298978612
1250	0.02665661901080444
1251	0.02663002322222364
1252	0.026604280775062286
1253	0.026577756112490802
1254	0.026551694133280585
1255	0.02652608194504829
1256	0.02649968732125725
1257	0.026474062259176874
1258	0.026448226847250077
1259	0.02642235368921584
1260	0.02639663478777988
1261	0.02637095216720132
1262	0.026344863482284618
1263	0.026319251111098285
1264	0.02629405605922833
1265	0.02626851505831137
1266	0.026243050434953966
1267	0.02621718757231912
1268	0.026192212513166793
1269	0.026166861598724826
1270	0.026141471405635976
1271	0.02611626520866237
1272	0.026091081984399134
1273	0.026065976370886496
1274	0.026040875854026726
1275	0.026015433056431336
1276	0.025990808235680993
1277	0.025965825356394027
1278	0.025940819668190437
1279	0.025916036324207414
1280	0.025890841185738162
1281	0.025866349699572695
1282	0.025841704901239153
1283	0.02581692622979749
1284	0.025792378094637095
1285	0.025767785262866785
1286	0.025743243369056232
1287	0.025718376650934866
1288	0.025694195266116014
1289	0.025669776479539462
1290	0.025645505065263065
1291	0.025620800766394218
1292	0.025596926597838535
1293	0.025572321067839833
1294	0.025548401299754896
1295	0.02552425625478371
1296	0.025499889968934486
1297	0.025476217199439908
1298	0.025452101888141815
1299	0.025428134376399347
1300	0.02540431242690352
1301	0.025380050486827444
1302	0.0253565953624318
1303	0.025332449388417853
1304	0.025309010270492066
1305	0.025285370568297313
1306	0.025261690358140056
1307	0.025238079694458238
1308	0.025214455243189084
1309	0.025190884564435814
1310	0.025167146653859145
1311	0.025144035417998412
1312	0.025120546997647833
1313	0.025097270088895254
1314	0.025073598128512876
1315	0.02505034250079889
1316	0.025027370266856815
1317	0.0250039046733814
1318	0.024981065508979695
1319	0.024957649457348376
1320	0.024934857250729192
1321	0.024911911273046223
1322	0.024888607003406227
1323	0.024865990289572506
1324	0.024842770013945265
1325	0.024820253542198835
1326	0.024797422538564484
1327	0.024774316228930195
1328	0.024751906981706526
1329	0.024728889205367047
1330	0.024706558753075224
1331	0.024683916972336833
1332	0.024661286857700884
1333	0.02463878394089533
1334	0.02461628642897333
1335	0.024593877193877126
1336	0.02457143116241773
1337	0.024548760674754685
1338	0.024526672928472396
1339	0.024504118466962477
1340	0.024482157461744973
1341	0.024459980442353434
1342	0.02443749939300735
1343	0.02441567506568336
1344	0.02439326282674189
1345	0.024371473255524096
1346	0.024349184750824204
1347	0.0243271876158713
1348	0.02430549615982336
1349	0.02428336113790585
1350	0.024261763572268544
1351	0.02423965024247511
1352	0.02421819406462747
1353	0.02419644171614196
1354	0.024174646228099613
1355	0.024153046284728794
1356	0.02413111354383702
1357	0.02410949438260911
1358	0.024088178059112123
1359	0.024066702526966466
1360	0.024045164391357385
1361	0.024023494471489406
1362	0.024002382814856733
1363	0.023981008448817398
1364	0.02395937140619793
1365	0.023938070331691784
1366	0.023917109722789525
1367	0.023895883167689716
1368	0.02387461807833451
1369	0.023853250638404735
1370	0.02383243705657722
1371	0.023811271462625776
1372	0.02379000166834037
1373	0.023769220460343708
1374	0.023748332860401192
1375	0.023727340803717235
1376	0.02370648378495141
1377	0.023685620659878254
1378	0.023664718107673493
1379	0.02364370894907477
1380	0.02362295689536899
1381	0.023602536455546143
1382	0.023581843112945595
1383	0.023561186820299212
1384	0.023540275171988187
1385	0.023520001702619846
1386	0.023499156463621662
1387	0.02347894783306606
1388	0.0234584781359607
1389	0.023438032045750366
1390	0.0234175571277807
1391	0.0233969786978482
1392	0.02337665278901686
1393	0.02335660145514626
1394	0.023336287357842316
1395	0.023315851131611328
1396	0.023295886839711552
1397	0.02327568660734683
1398	0.02325555388351743
1399	0.02323550140584036
1400	0.02321546059693018
1401	0.02319516261220795
1402	0.023175172430001778
1403	0.02315548182047092
1404	0.023135288846818577
1405	0.023115394298888946
1406	0.023095812045983613
1407	0.023075698684299213
1408	0.023056189014787995
1409	0.02303639188783816
1410	0.023016629436093013
1411	0.022997013956528423
1412	0.022977272421828277
1413	0.022957443531507686
1414	0.022938111838022825
1415	0.022918270839341733
1416	0.022899019761950704
1417	0.02287951978334986
1418	0.02286001752821193
1419	0.022840581120682886
1420	0.022821189988027155
1421	0.022801851234934133
1422	0.02278251352067608
1423	0.022763130350966155
1424	0.022743857924735225
1425	0.022724418002745318
1426	0.02270522000863493
1427	0.022686231823331834
1428	0.022667123590765094
1429	0.022648039221215527
1430	0.022628688146199272
1431	0.022609898848694198
1432	0.022590887606848055
1433	0.022571897922289884
1434	0.02255293684855708
1435	0.022533976870865745
1436	0.022515077604206277
1437	0.022496168560285322
1438	0.022477409674059038
1439	0.022458605936274453
1440	0.02243978488068607
1441	0.022421015218287273
1442	0.022402360899979826
1443	0.022383441494422476
1444	0.022365042745552965
1445	0.02234617272542703
1446	0.022327789507271965
1447	0.02230925952486116
1448	0.022290485377331495
1449	0.022272200008197046
1450	0.022253764408836002
1451	0.022235319877947635
1452	0.02221691091760785
1453	0.022198530263002225
1454	0.02217994153224999
1455	0.0221616192243706
1456	0.022143575475335818
1457	0.022125077669952135
1458	0.02210684738441495
1459	0.02208884490060671
1460	0.022070700847525188
1461	0.02205255475603576
1462	0.022034210657173346
1463	0.02201629580113262
1464	0.02199823578864398
1465	0.021980017615951142
1466	0.021962209562556102
1467	0.021944236211315703
1468	0.021926103001996624
1469	0.021908191764343086
1470	0.021890532815377232
1471	0.02187263756879028
1472	0.021854866266710318
1473	0.021837066260059698
1474	0.021819049841976024
1475	0.021801491943614693
1476	0.021783832819795505
1477	0.021766148903551663
1478	0.021748265510894288
1479	0.021730629471783783
1480	0.02171325685583422
1481	0.021695691685303414
1482	0.021678078952637028
1483	0.021660579973105297
1484	0.02164289087336288
1485	0.021625654159785294
1486	0.021608186144306513
1487	0.021590805202745006
1488	0.021573426753111566
1489	0.021555834434425818
1490	0.021538686205713795
1491	0.0215214386476705
1492	0.021504136540974068
1493	0.02148692208337135
1494	0.021469701982745046
1495	0.021452276311049304
1496	0.021435313695779834
1497	0.021418201937183044
1498	0.021401038231524196
1499	0.02138400680016385
1500	0.02136671755443039
1501	0.021349860747051683
1502	0.021332856322172696
1503	0.021315926782057022
1504	0.02129897432626395
1505	0.021282049220213484
1506	0.021265097983803605
1507	0.021248063169994662
1508	0.021231399815542094
1509	0.021214615191359025
1510	0.021197756519637727
1511	0.021181038792776555
1512	0.021164305459413925
1513	0.021147356698224217
1514	0.021130676445613117
1515	0.02111423276681977
1516	0.021097372456165848
1517	0.02108096880253719
1518	0.021064171286474163
1519	0.02104780135520227
1520	0.021031289631034723
1521	0.021014764515847814
1522	0.020998227720057376
1523	0.020981606304948594
1524	0.02096517158098218
1525	0.020948977429310033
1526	0.020932580102286484
1527	0.02091622838436875
1528	0.02089989128847317
1529	0.020883356420290024
1530	0.020867235891300375
1531	0.02085101952116569
1532	0.02083457083057598
1533	0.0208185234437553
1534	0.02080236439567895
1535	0.02078601471919095
1536	0.020770090217432435
1537	0.020753964639424277
1538	0.020737826170088357
1539	0.02072160686326806
1540	0.02070571721081717
1541	0.02068972093232758
1542	0.02067356214083535
1543	0.020657785801595597
1544	0.02064185278403119
1545	0.020625920671038408
1546	0.0206098278383298
1547	0.020594153981727738
1548	0.02057810033808828
1549	0.020562481298798476
1550	0.02054668435715596
1551	0.020530906788749106
1552	0.020514958809588386
1553	0.020499234854570295
1554	0.02048371990764171
1555	0.02046803742649762
1556	0.020452327795385056
1557	0.0204365434403464
1558	0.02042107664605674
1559	0.020405348130498987
1560	0.020389922974717103
1561	0.020374239773009693
1562	0.020358909000794075
1563	0.020343219119819872
1564	0.020327940499227468
1565	0.020312300861878116
1566	0.02029706917732784
1567	0.02028160792403743
1568	0.020266270044716067
1569	0.02025092125521699
1570	0.020235574322617415
1571	0.020220213506770675
1572	0.02020494125283006
1573	0.020189680557244006
1574	0.0201744474356228
1575	0.020159046234064126
1576	0.020144009993154847
1577	0.020128660671698537
1578	0.02011368984461162
1579	0.020098512385758976
1580	0.020083445904391217
1581	0.020068170614378905
1582	0.020053297587911058
1583	0.020038066684552866
1584	0.020023177528716945
1585	0.020008172406821647
1586	0.019993062365513268
1587	0.01997828158607413
1588	0.01996334936409236
1589	0.019948387589073757
1590	0.019933494182014667
1591	0.019918675475111093
1592	0.019903818981699965
1593	0.019888814110485268
1594	0.019874011164091147
1595	0.019859235782997982
1596	0.019844646921621065
1597	0.019829861937529062
1598	0.019815140913229858
1599	0.01980031554462299
1600	0.01978578705131533
1601	0.019771153631165803
1602	0.019756347661263753
1603	0.019741916307663282
1604	0.019727142575320128
1605	0.019712746894838786
1606	0.01969801683728538
1607	0.01968367030979888
1608	0.019669162450983352
1609	0.019654652558564422
1610	0.019640185020379963
1611	0.0196255928381463
1612	0.019611297623416325
1613	0.019596754696674202
1614	0.019582387768766387
1615	0.01956814889091696
1616	0.01955383381204421
1617	0.01953951083743151
1618	0.019525208560049308
1619	0.01951092646231507
1620	0.01949667992892606
1621	0.019482426237416927
1622	0.01946805871922358
1623	0.019453858444075232
1624	0.019439679177659264
1625	0.019425525547007858
1626	0.01941153870517777
1627	0.01939727342370327
1628	0.01938317164789464
1629	0.019369221393065537
1630	0.019355039439197343
1631	0.01934112387489184
1632	0.0193271455042317
1633	0.019313133621213757
1634	0.019299166751740766
1635	0.019285045433701714
1636	0.019271114082528518
1637	0.019257191585624445
1638	0.01924330013571967
1639	0.019229537935499724
1640	0.019215702265911017
1641	0.01920187581142891
1642	0.019188061025216384
1643	0.019174250483275344
1644	0.019160454559747575
1645	0.019146703329431674
1646	0.019132802622021224
1647	0.01911907046400728
1648	0.019105520200197665
1649	0.019091845094761074
1650	0.01907816534950916
1651	0.019064490235889166
1652	0.01905090000706525
1653	0.01903713594504998
1654	0.019023537461999966
1655	0.019010118204882187
1656	0.018996586046528617
1657	0.01898305237403792
1658	0.018969508219513084
1659	0.018956034606409794
1660	0.018942515942760453
1661	0.01892907441012539
1662	0.01891564112440115
1663	0.01890207093616674
1664	0.018888831119247308
1665	0.018875426293227828
1666	0.018861927516759015
1667	0.01884871454056835
1668	0.01883538562128704
1669	0.018821948250620592
1670	0.018808792498455476
1671	0.018795494926834855
1672	0.018782126206018858
1673	0.018768888740597352
1674	0.0187557854741942
1675	0.018742630258314706
1676	0.018729289946593015
1677	0.01871613319133634
1678	0.018703121185368855
1679	0.01869000694982838
1680	0.018676882687648274
1681	0.01866364722002182
1682	0.018650586863252876
1683	0.018637521106215846
1684	0.01862449409649345
1685	0.01861146682880949
1686	0.01859862712939278
1687	0.018585623278873434
1688	0.0185725210610446
1689	0.01855957628996455
1690	0.018546637895767083
1691	0.018533843690567854
1692	0.018520980707638867
1693	0.018508103993649425
1694	0.018495098298366153
1695	0.018482254378895172
1696	0.018469574178858302
1697	0.01845672974637066
1698	0.018443828913662103
1699	0.018431166159095014
1700	0.018418303890838185
1701	0.01840569195838203
1702	0.01839298240842937
1703	0.018380281914928173
1704	0.018367553657664078
1705	0.018354767027377168
1706	0.018342251510247404
1707	0.018329486540385544
1708	0.018316866452824637
1709	0.018304371531576682
1710	0.018291784587496474
1711	0.01827911409876168
1712	0.018266553244341947
1713	0.01825403165785095
1714	0.01824151292138815
1715	0.018229014014480658
1716	0.018216529141390166
1717	0.018204204518655846
1718	0.018191617599328982
1719	0.0181793246042338
1720	0.01816676762288651
1721	0.018154466613988368
1722	0.018142102494509524
1723	0.018129609648516662
1724	0.018117394704400082
1725	0.018104916836423336
1726	0.018092724105050886
1727	0.018080444397578978
1728	0.018068010416860143
1729	0.018055742923400755
1730	0.01804362114719668
1731	0.018031401123086276
1732	0.018019139259428132
1733	0.018006972745871964
1734	0.017994648600712822
1735	0.017982476091397886
1736	0.01797031382564191
1737	0.017958315187972536
1738	0.017946190994874593
1739	0.017934064496830708
1740	0.01792198887106266
1741	0.01790978043626202
1742	0.01789784292394388
1743	0.017885797259217608
1744	0.01787374680107018
1745	0.017861766595767707
1746	0.017849640902668967
1747	0.01783777737826451
1748	0.017825790423887412
1749	0.017813870907540674
1750	0.017801904739574763
1751	0.01778988793446619
1752	0.017777991875298153
1753	0.017766200636762455
1754	0.01775423398229644
1755	0.017742493751212757
1756	0.017730665181396543
1757	0.017718820855498363
1758	0.01770690137419647
1759	0.017695107012664524
1760	0.017683427431389447
1761	0.017671559987828548
1762	0.01765981950590504
1763	0.017648092827105465
1764	0.017636367232095856
1765	0.017624801286206283
1766	0.0176130818800467
1767	0.017601427673984767
1768	0.017589779958560217
1769	0.017578017841098123
1770	0.017566393148402117
1771	0.017554874279276263
1772	0.017543289053891402
1773	0.017531725050903585
1774	0.017520146231503955
1775	0.017508573262843947
1776	0.017497035701024226
1777	0.017485514472444938
1778	0.017474025608361372
1779	0.017462543420982996
1780	0.01745103575514296
1781	0.017439572636360767
1782	0.01742816148305584
1783	0.017416603676540975
1784	0.017405177071270466
1785	0.017393872007249414
1786	0.017382385246711405
1787	0.017371012155265465
1788	0.01735977039173344
1789	0.017348434350519987
1790	0.017336982798900467
1791	0.01732566986792073
1792	0.017314367569124786
1793	0.017303085971853097
1794	0.01729181456249953
1795	0.01728067833013093
1796	0.017269428223545415
1797	0.01725820501354522
1798	0.017246989372679412
1799	0.017235752035675844
1800	0.017224565133722648
1801	0.017213302934306875
1802	0.017202233796970424
1803	0.017191115865471982
1804	0.017179991287241285
1805	0.01716886973696169
1806	0.017157769137723156
1807	0.017146663492428615
1808	0.01713558867654208
1809	0.01712452775702969
1810	0.01711338187170021
1811	0.017102436576833357
1812	0.017091446532836244
1813	0.017080426743922864
1814	0.01706943563100656
1815	0.017058445300913997
1816	0.01704739529237009
1817	0.01703653522852383
1818	0.017025598341112367
1819	0.017014710955336743
1820	0.017003682750646378
1821	0.016992793869334024
1822	0.016982026664036323
1823	0.016971160080225953
1824	0.01696027811383589
1825	0.01694935334725628
1826	0.016938641427103017
1827	0.016927714614638132
1828	0.01691703473945652
1829	0.01690622921412665
1830	0.016895456375017843
1831	0.016884718460195902
1832	0.016873952542005386
1833	0.016863125487622622
1834	0.01685252284737382
1835	0.01684181300550608
1836	0.016831093831326634
1837	0.01682041620224702
1838	0.01680978281238067
1839	0.01679912480590178
1840	0.016788491575528246
1841	0.016777834004302786
1842	0.016767248128542155
1843	0.01675663467607452
1844	0.016746063220475338
1845	0.016735380945164142
1846	0.016724817161096323
1847	0.016714271355927263
1848	0.016703854347437482
1849	0.016693218270561375
1850	0.016682798006341634
1851	0.01667230266039327
1852	0.01666183786883371
1853	0.01665127146676785
1854	0.016640921968184064
1855	0.01663047026951123
1856	0.016620048257091763
1857	0.0166096162269985
1858	0.01659921119797954
1859	0.016588721460006638
1860	0.016578347933555584
1861	0.016567982414149085
1862	0.01655763152857692
1863	0.016547293304423814
1864	0.01653706794032019
1865	0.016526743017141198
1866	0.016516346173840575
1867	0.0165060531092191
1868	0.01649586703916483
1869	0.01648551163104644
1870	0.016475253276323296
1871	0.016465018570428463
1872	0.016454791707921152
1873	0.016444680949655847
1874	0.016434374178988867
1875	0.016424263636216185
1876	0.016414000525583734
1877	0.016403943216965883
1878	0.016393765226296472
1879	0.01638364723489043
1880	0.016373519377584186
1881	0.01636329854955485
1882	0.016353283506575052
1883	0.016343209399992516
1884	0.016333023363941997
1885	0.016323032544558844
1886	0.01631300433673424
1887	0.01630284987926384
1888	0.016292924933925784
1889	0.01628289214081782
1890	0.016272797965078016
1891	0.01626288932192442
1892	0.016252918166890864
1893	0.016242938698288363
1894	0.01623298686759274
1895	0.016222939307623037
1896	0.01621309146173156
1897	0.016203180106118025
1898	0.016193170798554934
1899	0.016183345315260722
1900	0.0161733835376564
1901	0.016163607369744013
1902	0.016153741404002914
1903	0.016143790604426004
1904	0.016134025133927372
1905	0.016124206362173106
1906	0.01611430504006775
1907	0.016104583923916383
1908	0.01609470779833695
1909	0.016085022948395665
1910	0.01607525075923789
1911	0.016065390094360654
1912	0.016055746822866254
1913	0.016045916045240704
1914	0.0160361854986149
1915	0.01602657946892314
1916	0.01601685105293658
1917	0.01600717049854993
1918	0.015997506207834626
1919	0.01598782968593649
1920	0.01597817373608576
1921	0.01596844178935997
1922	0.01595890578817541
1923	0.01594918982795456
1924	0.015939676601583894
1925	0.015929986697267313
1926	0.01592048430335272
1927	0.015910823022200968
1928	0.015901329284812207
1929	0.015891704451070698
1930	0.015882165324165587
1931	0.015872634395445177
1932	0.015863111974736277
1933	0.015853610733587428
1934	0.0158442119045144
1935	0.015834708247474804
1936	0.01582524683513195
1937	0.01581578321176689
1938	0.015806328679567466
1939	0.01579679807937022
1940	0.015787450432064185
1941	0.015778025160998833
1942	0.015768620493099808
1943	0.01575922987721179
1944	0.015749755119153618
1945	0.015740473559308306
1946	0.01573101489552355
1947	0.015721739844910224
1948	0.015712313211011887
1949	0.015703070247397814
1950	0.015693755745107105
1951	0.01568435669370222
1952	0.015675052820395066
1953	0.015665765486376965
1954	0.015656496251832495
1955	0.015647223279063545
1956	0.015638040141870698
1957	0.015628726033477112
1958	0.015619560018034509
1959	0.015610269250394857
1960	0.015601149715235418
1961	0.015591852891225368
1962	0.015582739034678982
1963	0.0155734827815791
1964	0.01556431317881675
1965	0.015555217700769968
1966	0.015546081334812466
1967	0.015536952814960975
1968	0.015527733469933545
1969	0.01551868128619029
1970	0.015509586965066569
1971	0.015500489171990357
1972	0.015491324143923955
1973	0.015482312078864205
1974	0.015473175729081728
1975	0.015464191114873276
1976	0.015455081326442079
1977	0.015446047816346842
1978	0.015437111527764443
1979	0.015428097626857038
1980	0.015419005912764877
1981	0.01541007873521184
1982	0.015401104674031125
1983	0.015392143867006984
1984	0.015383180339553047
1985	0.01537420679419093
1986	0.015365195585256196
1987	0.015356333027793594
1988	0.015347436358540256
1989	0.015338513244597576
1990	0.01532961800320766
1991	0.015320643545086762
1992	0.015311847958126856
1993	0.015302894039655028
1994	0.015294094798859091
1995	0.015285179655476848
1996	0.01527633982461986
1997	0.015267510038413737
1998	0.015258778773736097
1999	0.015249956458218913
