0	5.49551385372942
1	5.410979821918629
2	5.335224269051463
3	5.265886918968538
4	5.203812223501515
5	5.147553180133101
6	5.097031355713509
7	5.05114464476538
8	5.007546376120017
9	4.964361246810013
10	4.9225088555087835
11	4.880040260398026
12	4.837344782206923
13	4.792409445938498
14	4.744532478813747
15	4.692740933721119
16	4.637314157476152
17	4.576430352471236
18	4.5096653046572195
19	4.435336395226897
20	4.354230405298301
21	4.264917808920786
22	4.168958814987363
23	4.067029758749075
24	3.960619543958925
25	3.85233197259138
26	3.7455944913620822
27	3.6420681234692043
28	3.547123943223044
29	3.462795889068455
30	3.388304792851071
31	3.324795921698623
32	3.2715251736740973
33	3.2267546897863966
34	3.1896501502254893
35	3.159838119292905
36	3.136398329231587
37	3.116181622003335
38	3.0992681768020702
39	3.0847581721223185
40	3.0732055056473015
41	3.0631409697644205
42	3.0552105463979338
43	3.048474610340647
44	3.042955306047525
45	3.0380767526195327
46	3.0337851218977363
47	3.0298953889843876
48	3.0261302189032784
49	3.0227389177065414
50	3.019488157111109
51	3.0165884521603616
52	3.013933554362551
53	3.011607887800783
54	3.0095741579480957
55	3.007430556411051
56	3.005530574591026
57	3.0035812565966444
58	3.0017934433524665
59	3.0000103847530144
60	2.9981979981603217
61	2.9965581425464904
62	2.9947256276623437
63	2.9930925975402074
64	2.9914352824800967
65	2.9896852891220904
66	2.988070492249885
67	2.9864463818706817
68	2.9848923310759368
69	2.983217607410137
70	2.981557693227183
71	2.9798574493953827
72	2.9782254516580657
73	2.976501873398571
74	2.97479580173442
75	2.973126548565286
76	2.9713842329534965
77	2.9696798350878097
78	2.9678769607800937
79	2.966150204797521
80	2.9643714603084397
81	2.9624407015257646
82	2.9606077644461832
83	2.958846847364776
84	2.9570710707506525
85	2.95513692200593
86	2.9532385377335504
87	2.9512081398994496
88	2.9493230097828103
89	2.947389307217031
90	2.9453096700997667
91	2.94344205585022
92	2.941249745987271
93	2.9392836348475404
94	2.9371044760356027
95	2.93509414429917
96	2.9329768611160065
97	2.930760812299496
98	2.9286152162586285
99	2.926388663344797
100	2.9241645581853484
101	2.9217264318655713
102	2.9195801756950335
103	2.917117961661529
104	2.914916307759953
105	2.9124827615629303
106	2.910001976122222
107	2.907753009573674
108	2.9052207682819344
109	2.9027298431798085
110	2.90019979220052
111	2.8976676749139716
112	2.8950663369976715
113	2.8924933162583066
114	2.8896761699130815
115	2.886986209204759
116	2.884429916803787
117	2.8818237327542846
118	2.8790236453134312
119	2.876072147809981
120	2.873397588196726
121	2.870600104085728
122	2.8677261086481165
123	2.864754387672065
124	2.8618598250550304
125	2.859006540171098
126	2.8559966646596955
127	2.852945452181577
128	2.8498327222924487
129	2.846640828387121
130	2.8438082936705267
131	2.840442415357029
132	2.837527576794291
133	2.8343681760444333
134	2.83112602472643
135	2.827896770018212
136	2.824438845598709
137	2.8211815089354735
138	2.818125669768525
139	2.814815161395455
140	2.8113665833768713
141	2.8081134367059373
142	2.8047432039122784
143	2.8013031698714896
144	2.797900869688418
145	2.7943874345000954
146	2.790922006522025
147	2.7874679489163956
148	2.783944398893541
149	2.7801633683736746
150	2.7768998963127856
151	2.773120790314654
152	2.7695328642192685
153	2.7661237362856066
154	2.7626547428079404
155	2.7587363420899496
156	2.755386690951768
157	2.751719246500149
158	2.7477897356231757
159	2.7443528581441203
160	2.740647869190081
161	2.7371076439725908
162	2.7333469874980585
163	2.7295597281854342
164	2.7256994305275475
165	2.7221491936081277
166	2.7185389200405865
167	2.7148747081474287
168	2.7110141383532067
169	2.7073219602085032
170	2.703340771756201
171	2.6998805277922386
172	2.696042393694994
173	2.6924073298723106
174	2.6886097338915667
175	2.6849927678502987
176	2.68115201955933
177	2.677413175673423
178	2.673435232015283
179	2.669923143093198
180	2.6662753942350186
181	2.662535926353627
182	2.6587618354970344
183	2.654867385940507
184	2.6513478279626126
185	2.6474248720391325
186	2.6437464368800416
187	2.640343532323563
188	2.6363718175876754
189	2.6329749890326974
190	2.6292066302604002
191	2.6255947245990066
192	2.6219289793438247
193	2.618077367687958
194	2.614594966084217
195	2.6110248776476306
196	2.607368860419993
197	2.6038643917631132
198	2.600043979547362
199	2.5966214512366586
200	2.5929419534646536
201	2.589520993524883
202	2.586120366533851
203	2.582581778660284
204	2.578915362791605
205	2.5755105374060303
206	2.572120837837374
207	2.5686361025752755
208	2.5649856160403695
209	2.5616210003188433
210	2.558049206423077
211	2.554753241624952
212	2.5513958753048183
213	2.548005603442806
214	2.544737142697931
215	2.541373110510783
216	2.537977039996863
217	2.5346326107082136
218	2.5313780170651814
219	2.528030124249159
220	2.5246824769927545
221	2.5213757875703244
222	2.518130321632407
223	2.5148063163381433
224	2.5117814192453576
225	2.5085747222204517
226	2.505155878520544
227	2.5019833438729684
228	2.4988346740286165
229	2.4958830995059973
230	2.492809314578107
231	2.489757568354089
232	2.4864484428916245
233	2.4835217322503906
234	2.480269397477374
235	2.4774021638435304
236	2.4742124812719473
237	2.471333865355482
238	2.4681099528786237
239	2.4651205263553577
240	2.462157980585707
241	2.4594365754008134
242	2.456262060480109
243	2.4535496584288015
244	2.45041914710084
245	2.447585540529487
246	2.444775558335515
247	2.4419031259307475
248	2.4389782823073216
249	2.436084923112038
250	2.4333600144340073
251	2.430648279110657
252	2.427838302664893
253	2.4249654320243024
254	2.422219237953592
255	2.419305292992272
256	2.4165636408201836
257	2.4139822731162695
258	2.4113178629950047
259	2.4085847709620727
260	2.405691642843712
261	2.4032238821993936
262	2.4004028954522125
263	2.3976928731021325
264	2.395059174483585
265	2.3926393026083383
266	2.3898654042800684
267	2.3874577409093636
268	2.384723562667995
269	2.3821090892248202
270	2.379429352055597
271	2.377128807737887
272	2.374315203127607
273	2.3717866621559693
274	2.3693034529272294
275	2.3669386064396067
276	2.3643222158711215
277	2.3618692286970786
278	2.359502768469306
279	2.3568893383316025
280	2.354393827932497
281	2.351932144047682
282	2.3494796151273056
283	2.347107173247034
284	2.3445130612898772
285	2.342090212942015
286	2.339788527954347
287	2.337320942868102
288	2.3351363620821073
289	2.3325867929797637
290	2.330233926796471
291	2.327784743156211
292	2.32539143138999
293	2.3231654474840466
294	2.320805684452778
295	2.31851450647381
296	2.316014674154164
297	2.313790752020627
298	2.3115076510518615
299	2.3091082031907426
300	2.3069389466591543
301	2.3045080392519908
302	2.302288190203629
303	2.3000154139739966
304	2.2976525381169286
305	2.2955371021595963
306	2.2932775713832463
307	2.2910536531454335
308	2.2887307091260847
309	2.2863903984256173
310	2.284185837371099
311	2.2818799890092336
312	2.2797812905286037
313	2.277406451247327
314	2.2752307945004615
315	2.2729653354340256
316	2.270644024531849
317	2.268400703709492
318	2.266224914833964
319	2.2641388979556347
320	2.26180294324831
321	2.2596893898042794
322	2.2575428570232026
323	2.2552729827479516
324	2.253044383426727
325	2.2507882955184155
326	2.2486339077880237
327	2.2465217720996207
328	2.244374112713917
329	2.2419364661328864
330	2.239764711105978
331	2.2376965316229818
332	2.2353730504587705
333	2.233379373111667
334	2.2310433759529844
335	2.228894191990845
336	2.2266912479438212
337	2.2245237997754455
338	2.22229652159656
339	2.219956617345251
340	2.2178187813208057
341	2.215658834890082
342	2.2134201928141177
343	2.211235451385339
344	2.209169897564075
345	2.206831979909562
346	2.2045144916952353
347	2.202383616625977
348	2.2001863526443834
349	2.1978484808634176
350	2.195676416866958
351	2.193605051358955
352	2.1913546427918607
353	2.1890304879685916
354	2.186730015405524
355	2.1844813968471373
356	2.1823501641866367
357	2.179878382905635
358	2.177677313185265
359	2.1753977706814895
360	2.173199139955205
361	2.170946852224152
362	2.1685418272081423
363	2.1662569065446124
364	2.1639536900791554
365	2.161686256363741
366	2.1594017657706246
367	2.156978972036416
368	2.154652281370235
369	2.152303814574984
370	2.150106022223974
371	2.147592834492161
372	2.1452259688528326
373	2.1428604935217894
374	2.1405277385065737
375	2.1380147028558554
376	2.135721397196264
377	2.1332958160575273
378	2.1308301412274733
379	2.12838310902204
380	2.1258830716435253
381	2.1234205311031658
382	2.1210588421047736
383	2.1184757048272718
384	2.1161951740952336
385	2.1136025883251577
386	2.1109849607347706
387	2.1085050560410705
388	2.1059772773147385
389	2.1034760202520673
390	2.10085662830709
391	2.098383155626627
392	2.0957883673502256
393	2.0930838779765497
394	2.090424957164056
395	2.087854328833646
396	2.085257362870952
397	2.082590692133202
398	2.0799040355455927
399	2.0772744584178464
400	2.074578020186517
401	2.0718050114512123
402	2.069082393954212
403	2.0664761318963363
404	2.0635823745826385
405	2.060767028317175
406	2.0581153719024132
407	2.0551742563399693
408	2.052415421266372
409	2.0495938544676715
410	2.0468067340385603
411	2.0438981231029936
412	2.0410710945249972
413	2.038134263005006
414	2.0351968113624936
415	2.0322779205063104
416	2.0293788751457265
417	2.0263870254304415
418	2.0235289454545513
419	2.020531739294339
420	2.017434304135432
421	2.0144718689074974
422	2.011500094252637
423	2.008338403806482
424	2.005324231669895
425	2.002321565877677
426	1.9991673793605766
427	1.996076776156586
428	1.9929519896450545
429	1.9897899024340409
430	1.9865324955065782
431	1.9834045256926314
432	1.9803591803898632
433	1.9770620872659064
434	1.9737822587185434
435	1.9706151143438588
436	1.9672686453302832
437	1.9640830439256542
438	1.9607399936044188
439	1.9575891358224484
440	1.9541255298128826
441	1.9508043593791424
442	1.9474512487904
443	1.9441539294272632
444	1.9407247369721912
445	1.9373156435711674
446	1.933949265021083
447	1.9305188771955515
448	1.9271834618996857
449	1.923705517369999
450	1.9202659067909529
451	1.9167196083777933
452	1.9132518045255866
453	1.9097639680663139
454	1.9063239729261672
455	1.9028390108110131
456	1.8993254297492652
457	1.895747241464167
458	1.8921842955537547
459	1.8887574448531812
460	1.8850584546309161
461	1.8815199112023155
462	1.8778943780962247
463	1.8743185698372677
464	1.8707720275045743
465	1.8671053287468353
466	1.8635997476349218
467	1.859798433320315
468	1.8563325142348985
469	1.852561656273444
470	1.8489608065735395
471	1.8452654396150128
472	1.8416624770815018
473	1.8379372530303795
474	1.8343103066120736
475	1.830600503304443
476	1.8269228994865794
477	1.8231610499669109
478	1.8195949817328925
479	1.815776152310638
480	1.8120996648158605
481	1.8084535014767953
482	1.8046795876545314
483	1.8009734290307153
484	1.7973155575652195
485	1.7936139581553874
486	1.7899680184252849
487	1.7861806778727076
488	1.7824478181929626
489	1.7789329552908986
490	1.7750921778127207
491	1.7713868975363065
492	1.767825815753167
493	1.764016369448227
494	1.7602879419373791
495	1.756683809993018
496	1.7528859754910417
497	1.7492150507354112
498	1.7455433671529765
499	1.74201399217448
500	1.7382495974705172
501	1.73456187462889
502	1.7308583513292692
503	1.7271845391609069
504	1.7236683767993073
505	1.7198534317929064
506	1.7162561832142176
507	1.7126678722037325
508	1.709019340419955
509	1.705499061472819
510	1.7017844845431285
511	1.698266410869425
512	1.6945932107030548
513	1.6910463483625282
514	1.6875393695497358
515	1.6838456445356542
516	1.6802697857028128
517	1.6767886545338122
518	1.67329420055593
519	1.6697120587761818
520	1.6662381775127915
521	1.6628715128810572
522	1.659360241039057
523	1.6557303405307267
524	1.652242172549268
525	1.6488373838082437
526	1.645383071968736
527	1.6420219448978792
528	1.6385219631462395
529	1.6350929233051708
530	1.6317429744746788
531	1.6283508944765246
532	1.6249928050665148
533	1.6217295082293093
534	1.6184762563654649
535	1.6150294732292065
536	1.611702241363092
537	1.6084336383716993
538	1.605268960198729
539	1.6018847170956807
540	1.598632692971443
541	1.5954380125223664
542	1.592319508032437
543	1.5889313727260843
544	1.5857209943141295
545	1.5826034413866095
546	1.5794967748147335
547	1.5763407505737277
548	1.5732313109077538
549	1.5702004841349346
550	1.5669766985114497
551	1.5639081799837662
552	1.5608824613171846
553	1.5577703270681018
554	1.5547117159894626
555	1.5517699171328074
556	1.5487234843753575
557	1.5458473675652846
558	1.542862600542041
559	1.5398263205544234
560	1.537009740279099
561	1.5340905983755118
562	1.5310585181232432
563	1.528291259918708
564	1.52534585563742
565	1.522455864059949
566	1.5196608336893767
567	1.516784070169101
568	1.5139341276394869
569	1.5112785948813767
570	1.5085439740355215
571	1.5057079237241058
572	1.5030055814032837
573	1.5001081664655813
574	1.4974576214340911
575	1.494824470875607
576	1.4920213671042553
577	1.4895593156734734
578	1.4867353676438435
579	1.4842679738491134
580	1.4816092272967074
581	1.4789159878000726
582	1.4764473840469539
583	1.4737501709945842
584	1.471297185123288
585	1.4687190561693235
586	1.4662677115040652
587	1.4637212111498596
588	1.4612563350820569
589	1.4587817209418625
590	1.4561849861896876
591	1.4537349848369336
592	1.451303891572498
593	1.449017322025344
594	1.4466200355277499
595	1.444200810760798
596	1.441784593298688
597	1.43934896887568
598	1.4370735022405032
599	1.4346407530817145
600	1.4323867685336829
601	1.4301307241611
602	1.4277522787737074
603	1.425473832167798
604	1.423278745193035
605	1.4210382451457837
606	1.4186891826503296
607	1.416561766967708
608	1.4142492872395334
609	1.4120582597424072
610	1.4098944676991372
611	1.4076983296320509
612	1.4056326730525779
613	1.403508602428667
614	1.4012023932020778
615	1.3991085818712095
616	1.3970537191557497
617	1.3949246611384551
618	1.3929281069022525
619	1.3908486972651735
620	1.3886600970750784
621	1.3866784132817054
622	1.3846751269833717
623	1.3826172609124385
624	1.3805535758485794
625	1.378590092270673
626	1.3766771835280698
627	1.3745440694678595
628	1.372549365071385
629	1.3707545330957516
630	1.3686643009135202
631	1.3668689494059447
632	1.3648669653954961
633	1.362949085502314
634	1.3610738578187478
635	1.3590350519677372
636	1.3572479519069243
637	1.3552590456387388
638	1.3534124815903752
639	1.3515965643819314
640	1.349762189836251
641	1.3479153830100379
642	1.3460674008793063
643	1.3441094398942717
644	1.3423767074941715
645	1.3405707399545843
646	1.3387493913230415
647	1.3368530911232765
648	1.3351679441311972
649	1.333397905851018
650	1.3315913119278495
651	1.3298322843083679
652	1.328053494220382
653	1.3263088005868535
654	1.324550696944231
655	1.3228093749313596
656	1.3209780544674325
657	1.3193457493877143
658	1.3176071985522342
659	1.315850455989138
660	1.3141068022531148
661	1.3123641909496646
662	1.3106829305691563
663	1.3090591827817193
664	1.3074016299536768
665	1.305687970586408
666	1.304001390655209
667	1.302249119532493
668	1.3006560118814723
669	1.2990027653626428
670	1.2972503372583417
671	1.2955953654801273
672	1.2939331235753528
673	1.2923690112953525
674	1.290654788624198
675	1.289002173612054
676	1.287465430833718
677	1.285756860555847
678	1.2841760523509667
679	1.2824669379609366
680	1.2809121555754186
681	1.279307419880504
682	1.2775848502028202
683	1.2760724190544117
684	1.2744352296387056
685	1.2727223971754285
686	1.2711117241234482
687	1.2694674641437311
688	1.267965182119842
689	1.2662435554266143
690	1.264600398981252
691	1.2630519254068928
692	1.2613916441782225
693	1.2597681015296627
694	1.2581584737942217
695	1.2566547628708242
696	1.2550341067548985
697	1.253317687696013
698	1.2517966328526406
699	1.2501489821284517
700	1.2485388698661328
701	1.2469195775351696
702	1.2452307919110175
703	1.2437287783320683
704	1.242063559021671
705	1.2404705555470459
706	1.2388246786504797
707	1.2370944396130332
708	1.235423999386468
709	1.2337894173432904
710	1.2322150856146816
711	1.2304972277048902
712	1.2289385942031794
713	1.2273317429916017
714	1.2256272843828149
715	1.2238747209072351
716	1.2222432845118671
717	1.2206702305570996
718	1.2189422843001174
719	1.2172931768046513
720	1.21547049676815
721	1.2138639678159688
722	1.212097097070199
723	1.210451855583599
724	1.2087139211254991
725	1.2069189587052211
726	1.205252790225586
727	1.203516852354015
728	1.201664397528801
729	1.1999018814644422
730	1.198241506062929
731	1.1963843412450381
732	1.194678045364177
733	1.1929209380144432
734	1.1911295063694376
735	1.1892743771054781
736	1.1874672630677343
737	1.1856686976155086
738	1.183777671939236
739	1.1818567742825454
740	1.1800556013058876
741	1.1781783107682515
742	1.1762092221910947
743	1.1744515132462632
744	1.1724886576219964
745	1.1705471920853099
746	1.1686279192196383
747	1.1666659881096506
748	1.1647165573684544
749	1.1626778038718644
750	1.1607511794182708
751	1.1587901821450366
752	1.1566626571977237
753	1.1546927066505772
754	1.1526967413663707
755	1.1505556289131906
756	1.1484675191801845
757	1.1463317051884072
758	1.1443288522177493
759	1.1422169869228345
760	1.1400473107912763
761	1.137787207491776
762	1.1357626989839156
763	1.1334796030957268
764	1.131313228655683
765	1.1291053007380398
766	1.1267747189967228
767	1.1245780451576262
768	1.1223231466332249
769	1.1199373672866866
770	1.117707787685121
771	1.1154382289736375
772	1.1130583116068657
773	1.1106464138681464
774	1.108313921248385
775	1.1059591607905048
776	1.103515369897277
777	1.1009685144765284
778	1.098517961248561
779	1.0961924072386804
780	1.093582947300193
781	1.0911952059222811
782	1.0886938150842018
783	1.0861453011979105
784	1.0835186335047577
785	1.0809191057525238
786	1.0782696692318634
787	1.075654160672793
788	1.0731242272822032
789	1.070425267873372
790	1.0677695336216964
791	1.0651148724466768
792	1.0623480386996689
793	1.0596119292559005
794	1.0568930352537613
795	1.054143311760397
796	1.0513700604212588
797	1.0484676589024033
798	1.045787565982173
799	1.042924373038292
800	1.040057405570471
801	1.0371989956685497
802	1.0342952381172392
803	1.0313824306555042
804	1.0284448814412657
805	1.0256040481947604
806	1.022571910250801
807	1.0196874247566612
808	1.0166428666057565
809	1.013678899787546
810	1.0106465440647845
811	1.007659685452091
812	1.004537942494447
813	1.001474622845185
814	0.9983932821618858
815	0.9953269634022488
816	0.9922125719393544
817	0.9891551296885571
818	0.9859803723112885
819	0.9829336718243007
820	0.979762140521629
821	0.9766258284726016
822	0.973453525047144
823	0.9702534958684454
824	0.9670442374242234
825	0.9638529682272435
826	0.9606823220409684
827	0.9573859849034122
828	0.9542109429320113
829	0.9509523573590319
830	0.9477728328679793
831	0.94448402958507
832	0.9412448137339031
833	0.9380564519638396
834	0.9347685282592582
835	0.9315435734170796
836	0.9283046746835252
837	0.9250354334059239
838	0.9217602790186916
839	0.9183920161241004
840	0.915184303254636
841	0.9118040448318631
842	0.9085244180246554
843	0.9052980042823292
844	0.9019589136680449
845	0.8986330714937298
846	0.8953233726672752
847	0.8919708960163545
848	0.8887209891130596
849	0.8853882000963177
850	0.8820984737937453
851	0.8787266441567181
852	0.8754221537448107
853	0.872253803914278
854	0.8689061318233213
855	0.8656022182877772
856	0.8622592868579766
857	0.8590037504501168
858	0.8556954995132788
859	0.8524719994959077
860	0.849062609734972
861	0.8458442790444906
862	0.8426366914896686
863	0.8393250745618458
864	0.8359734434659696
865	0.8327075851475058
866	0.8294510071113277
867	0.8262649812671455
868	0.8230842662666004
869	0.8197841063172746
870	0.8165492734200281
871	0.8133829160004595
872	0.8101358676936137
873	0.8069150943696738
874	0.8036535874236532
875	0.8004203484164496
876	0.7972405732927373
877	0.7941277462109252
878	0.7909134728511584
879	0.787805412143141
880	0.7846728039665358
881	0.7814877474230745
882	0.7783708515077895
883	0.7752216163979763
884	0.7721190667661428
885	0.768982014164454
886	0.7658264116531206
887	0.762860235856468
888	0.7597700372804926
889	0.7566790246118604
890	0.753674750967499
891	0.750621596845793
892	0.7476222874605085
893	0.7445883237081086
894	0.7415178543928429
895	0.7385123355999789
896	0.7355689998384499
897	0.7325650892865827
898	0.7296896908357149
899	0.7266452266285738
900	0.7237227995689923
901	0.7208880988675923
902	0.7179858007801484
903	0.7150790977847472
904	0.7121897004713376
905	0.7093183591186026
906	0.7064725431459173
907	0.7036733957760182
908	0.7007411350191798
909	0.6979456880377674
910	0.6951913757354271
911	0.6923531695797632
912	0.6896405704970491
913	0.6869046905205781
914	0.6841566242263377
915	0.6813522435068804
916	0.6786202683278648
917	0.6759758317348183
918	0.6732378180706288
919	0.6706535735428671
920	0.6679600080225294
921	0.6653102631893484
922	0.662696912286955
923	0.660058082486909
924	0.6573999504267775
925	0.654820853412882
926	0.6523012063166451
927	0.64967898541182
928	0.6471852511726449
929	0.6446385374739595
930	0.6421490404385545
931	0.6396272526732572
932	0.6371179284464739
933	0.6346468881423453
934	0.6321422092027131
935	0.6297445248235521
936	0.6273075362029734
937	0.6249035653850101
938	0.6224998567167865
939	0.6200903153316316
940	0.6176486909803688
941	0.6153743017354922
942	0.6130066921090775
943	0.6106155304603916
944	0.6082994377587397
945	0.6060232032523702
946	0.6037450557327652
947	0.6014726832726182
948	0.59917608693564
949	0.5969403819747725
950	0.5946852863085741
951	0.5924209036130373
952	0.5901997900357423
953	0.5880064966999101
954	0.5858071434005752
955	0.5836536619904884
956	0.581483442487107
957	0.5793840459446649
958	0.5772675351054859
959	0.5751596167154419
960	0.5730148509292518
961	0.570955741386509
962	0.5688559014213916
963	0.5667898258454109
964	0.5647262325798298
965	0.5626611798931502
966	0.5605905328705933
967	0.5585662980597604
968	0.5565619447174315
969	0.5546258977568738
970	0.5525962691503622
971	0.550656153482989
972	0.5486923499413747
973	0.5467692925860355
974	0.5448340801251021
975	0.5429086033164255
976	0.540979583073329
977	0.5390990661693124
978	0.5372041172848292
979	0.5352877956129362
980	0.5334543561628549
981	0.5316160661834668
982	0.5297608733817277
983	0.527896038419627
984	0.5261324702796417
985	0.5243270736565566
986	0.5224717758593527
987	0.520697546635013
988	0.5189537720442401
989	0.5172093865243925
990	0.5154477829035302
991	0.513659163612359
992	0.5119802645840537
993	0.5102112443852049
994	0.5084952837872878
995	0.5068069613909724
996	0.5051165329201781
997	0.5034676825733518
998	0.5018101404105421
999	0.5000999038844438
1000	0.4985127985115913
1001	0.49681785497245223
1002	0.49519406149955736
1003	0.49363536534237656
1004	0.4919698849520547
1005	0.4904111559154
1006	0.4887834071463839
1007	0.48721234065667274
1008	0.4856358353921365
1009	0.4840841239118027
1010	0.48252974886889677
1011	0.48098799556887667
1012	0.4794614696764623
1013	0.4779868352805312
1014	0.4764689976322548
1015	0.47495713967603537
1016	0.47340966973849474
1017	0.4719238735593304
1018	0.47044923625346113
1019	0.46897753905829487
1020	0.4675728787389053
1021	0.46609050892741016
1022	0.4646394748847095
1023	0.46319386954321023
1024	0.46177873527983565
1025	0.4603559817680541
1026	0.4589270468718578
1027	0.4574931726138729
1028	0.45609901208468273
1029	0.4547547480559496
1030	0.45336194115086625
1031	0.4519573952395405
1032	0.4505951095056971
1033	0.4492643746268063
1034	0.4479124739739636
1035	0.44654059757683306
1036	0.4452499485109729
1037	0.4438821571470216
1038	0.44259970723344205
1039	0.44127962145940114
1040	0.43998167016495937
1041	0.43869912555232127
1042	0.4374034530777372
1043	0.43611498464925613
1044	0.4348095912740503
1045	0.4335780842197859
1046	0.4323183660250403
1047	0.43106552904825685
1048	0.4297774313216242
1049	0.4285433960346717
1050	0.4273506827026215
1051	0.4261096250673986
1052	0.4248889357221274
1053	0.42367424089060224
1054	0.4224668370325264
1055	0.42126897768047594
1056	0.42005265350753007
1057	0.41886347402601243
1058	0.4177233410154147
1059	0.41655046665284534
1060	0.4153757958165017
1061	0.41422009066349663
1062	0.4130603486354216
1063	0.4118818758064031
1064	0.4107683193973387
1065	0.409636218595773
1066	0.4084946139558243
1067	0.4073835421718203
1068	0.40626212786369276
1069	0.4051519329493057
1070	0.4040433945982308
1071	0.40293039242011885
1072	0.40181208006046915
1073	0.40072461858449837
1074	0.3996686596137239
1075	0.39856314524117475
1076	0.3975128261413784
1077	0.39644570991492556
1078	0.3953630698353291
1079	0.39432897803692346
1080	0.3932784751721894
1081	0.39223269421889073
1082	0.3912038055467495
1083	0.3901577116199259
1084	0.3891334595081989
1085	0.38808321711058347
1086	0.38706697946200364
1087	0.3860829556925788
1088	0.3850452633872383
1089	0.3840631019638232
1090	0.3830646025400779
1091	0.38208138240972644
1092	0.38109029711913195
1093	0.3800977518629038
1094	0.3790998281773439
1095	0.3781247929982392
1096	0.37717861136613184
1097	0.37622564679674314
1098	0.37523446526545823
1099	0.37428116599354044
1100	0.3733603510921573
1101	0.3724106220097044
1102	0.3714647095909449
1103	0.37050914812023333
1104	0.36959842807524834
1105	0.36865122996545957
1106	0.3677505118006731
1107	0.36683095207942956
1108	0.3658983267650665
1109	0.3650179700737035
1110	0.3641145580148793
1111	0.3632051815903666
1112	0.362320305652991
1113	0.3613968838078434
1114	0.3605389026060967
1115	0.359624701057881
1116	0.35877107033219696
1117	0.3578714544977481
1118	0.3570289897411422
1119	0.35616237035430687
1120	0.3552898644500184
1121	0.3544102232557601
1122	0.3535842372744919
1123	0.35270884910769346
1124	0.3518811513493818
1125	0.35101959130623783
1126	0.3502071396903089
1127	0.34936258844344825
1128	0.3485374734332263
1129	0.34768437811940833
1130	0.3468881473176113
1131	0.3460674227984741
1132	0.34522417469984823
1133	0.3444375602455899
1134	0.34362984300301547
1135	0.3427982180530004
1136	0.34202499961944305
1137	0.3412239314626571
1138	0.3404295438712347
1139	0.33963172794219754
1140	0.3388512418944112
1141	0.338058435680858
1142	0.3372618028748937
1143	0.33650919618597674
1144	0.3357359680283298
1145	0.3349442131977015
1146	0.33417626411010365
1147	0.33341622091967277
1148	0.3326758490995829
1149	0.3319236277201798
1150	0.3311621543647193
1151	0.330414227321689
1152	0.32967059521456127
1153	0.32890523981989317
1154	0.32818971250957196
1155	0.3274439299659358
1156	0.32671823104443665
1157	0.3259643777668246
1158	0.3252596041343693
1159	0.32453358076227456
1160	0.3238127030739869
1161	0.323088773201032
1162	0.3223752900608445
1163	0.32166049585789647
1164	0.3209518426384768
1165	0.3202520713049286
1166	0.31952661075381983
1167	0.31882753368400896
1168	0.31814599283174305
1169	0.3174381384530448
1170	0.31676168455311804
1171	0.316078708460017
1172	0.3153904747724672
1173	0.3147112259683565
1174	0.31402494743565174
1175	0.3133557112931056
1176	0.31265986262912454
1177	0.3119900794313225
1178	0.3113409447837415
1179	0.31065675325189196
1180	0.30999277136745496
1181	0.3093343013331529
1182	0.3086969441800309
1183	0.308041727655342
1184	0.3073899826035221
1185	0.3067211452995235
1186	0.30607636856854625
1187	0.3054525673429481
1188	0.3048035981796851
1189	0.3041509537341676
1190	0.30353056353557767
1191	0.3028816119093735
1192	0.3022496751190867
1193	0.3016349501281349
1194	0.301013217970577
1195	0.30037198865596293
1196	0.29976394830060404
1197	0.29914979219809834
1198	0.2985168795487617
1199	0.29792221515385947
1200	0.297303893781939
1201	0.29668228877347397
1202	0.2960934057659401
1203	0.2954844604349104
1204	0.2948869146646127
1205	0.2942886815050192
1206	0.29367318526460395
1207	0.29309592690306474
1208	0.29249823756413484
1209	0.2918959415157279
1210	0.2913079362879183
1211	0.2907240993980718
1212	0.2901587290646581
1213	0.2895715893455787
1214	0.28899160654066347
1215	0.28840316724102905
1216	0.2878290604390129
1217	0.28725673639659094
1218	0.286699595235622
1219	0.28612023306065576
1220	0.28555495661551755
1221	0.28499210821386123
1222	0.2844475217803507
1223	0.2838714467147348
1224	0.28332805875063705
1225	0.28277178391228464
1226	0.28221777532041176
1227	0.2816679617991784
1228	0.28111906469298403
1229	0.2805574589513461
1230	0.28002993892133016
1231	0.2794811836822612
1232	0.27892872755648157
1233	0.2783905141442412
1234	0.2778541578532018
1235	0.27733634167148213
1236	0.2767984740150071
1237	0.27626730860957754
1238	0.2757378634053595
1239	0.2752152876917163
1240	0.2746859025440934
1241	0.2741512810462346
1242	0.2736304379321609
1243	0.27311298643563053
1244	0.27260809652493667
1245	0.27208011992740294
1246	0.2715668824295115
1247	0.2710695950262811
1248	0.27055634435682285
1249	0.27003702762320797
1250	0.2695311923409124
1251	0.2690284067594881
1252	0.26852660134885953
1253	0.26803643529276194
1254	0.2675368800126206
1255	0.2670286480306138
1256	0.26654782354201007
1257	0.26605015569717133
1258	0.26556003333676176
1259	0.26507099300754056
1260	0.2645808146467731
1261	0.26409666852383884
1262	0.26359813140877403
1263	0.26311521785758424
1264	0.26264776016779534
1265	0.26216700703772094
1266	0.2616901763663518
1267	0.26119915341666333
1268	0.2607346828324995
1269	0.26026565850321903
1270	0.2597809283211161
1271	0.2593238592960194
1272	0.2588552191359357
1273	0.25837627970611204
1274	0.25792427576363586
1275	0.25745730183784854
1276	0.2569855937324911
1277	0.25653547137621646
1278	0.25607791014589787
1279	0.25561867338652744
1280	0.2551635282513664
1281	0.25470950033134526
1282	0.2542567854522648
1283	0.2538097072019187
1284	0.2533475232760827
1285	0.2529129274233897
1286	0.25246425896922736
1287	0.2520193956802688
1288	0.2515773061663138
1289	0.2511328288996167
1290	0.2506943963797849
1291	0.25025681156156976
1292	0.24981672146162737
1293	0.2493845494367928
1294	0.24895029397902227
1295	0.24850532824874416
1296	0.24808606494486585
1297	0.2476520907427174
1298	0.24722646411383925
1299	0.246788667785088
1300	0.24637132000500947
1301	0.24593883933878866
1302	0.24552700473831088
1303	0.24509425443806113
1304	0.24467473068687184
1305	0.24425614027662723
1306	0.2438389874888091
1307	0.2434346002725684
1308	0.24301998862181315
1309	0.24260568000299945
1310	0.24218372605693533
1311	0.2417733727329425
1312	0.2413647340098638
1313	0.24096592359782648
1314	0.24054993214409875
1315	0.2401524476453588
1316	0.23974027674028076
1317	0.2393485514313824
1318	0.23894712383234556
1319	0.23853738606699104
1320	0.23814745744655638
1321	0.23774911171016072
1322	0.23735471134013772
1323	0.23695996285676466
1324	0.236566300751477
1325	0.236162879170073
1326	0.23577924822772792
1327	0.23538895609430383
1328	0.23499298363991755
1329	0.2346152217075529
1330	0.23421893123722973
1331	0.23384317512684066
1332	0.2334506951407031
1333	0.2330756396652453
1334	0.23268665323587828
1335	0.23230633080588087
1336	0.23193483380341393
1337	0.23155675779028173
1338	0.23118024445658747
1339	0.23080432484627733
1340	0.23042981161186338
1341	0.23005950124184277
1342	0.22967780021191964
1343	0.22931620321521998
1344	0.22893724097339838
1345	0.22857826287836353
1346	0.22820212149068725
1347	0.22784282613225332
1348	0.22747017949028298
1349	0.22710707187292176
1350	0.22675298557544615
1351	0.22639188356636866
1352	0.2260303491025351
1353	0.22566209246447608
1354	0.2253130098023071
1355	0.22495399863361837
1356	0.2245899315185567
1357	0.22424115016280044
1358	0.22388954442175746
1359	0.2235274252010485
1360	0.22317584117574352
1361	0.2228251704729218
1362	0.22248155140095027
1363	0.2221262413907437
1364	0.22178491231588318
1365	0.2214390138894134
1366	0.2210918497160002
1367	0.22074727072751066
1368	0.2204055637352522
1369	0.22005446274532625
1370	0.2197127849849727
1371	0.21938081118286934
1372	0.21903352001342902
1373	0.21870299567809942
1374	0.21836342726428176
1375	0.2180287590435782
1376	0.21769405105215528
1377	0.21735665521020472
1378	0.21702287508597107
1379	0.21668423842045248
1380	0.21635266974768896
1381	0.216029972286453
1382	0.21569223230234913
1383	0.2153724050134852
1384	0.21504237490960004
1385	0.2147173315355238
1386	0.21438370521145597
1387	0.2140658012524272
1388	0.21374164910284096
1389	0.2134199510085118
1390	0.21309530265197135
1391	0.21277404448851062
1392	0.21244805337871553
1393	0.2121290319389627
1394	0.2118189555979076
1395	0.21149993872964012
1396	0.21118244801245334
1397	0.21086647823886773
1398	0.21054597208762496
1399	0.21023911136329065
1400	0.2099267772015423
1401	0.2096075388704296
1402	0.20930270260590803
1403	0.2089926556351401
1404	0.20867692540052035
1405	0.20837546885402794
1406	0.2080684228328545
1407	0.20776109314098298
1408	0.20745578118098024
1409	0.20714292734212394
1410	0.2068389973513074
1411	0.20654301414612775
1412	0.20623393658250538
1413	0.20593233409375658
1414	0.2056385673942606
1415	0.20533918332997844
1416	0.20503858279672835
1417	0.20474176422408827
1418	0.20443670324414406
1419	0.2041407934832749
1420	0.20384510343542048
1421	0.20355688194426058
1422	0.20326110270661948
1423	0.20296973244222513
1424	0.20267499921439533
1425	0.20238321903254755
1426	0.2020873289573572
1427	0.20180441421702125
1428	0.20150825131925443
1429	0.20122621290733528
1430	0.20093790366807224
1431	0.20065194930844366
1432	0.20035897284351784
1433	0.20007922412984663
1434	0.19978905953689874
1435	0.1995054263963426
1436	0.19922728598511624
1437	0.1989458771139546
1438	0.19866331040940116
1439	0.19838246913081936
1440	0.19810459855886559
1441	0.19782332994556281
1442	0.19754572474201668
1443	0.19726852536739437
1444	0.19699013893345793
1445	0.19670930990014043
1446	0.19643396014683676
1447	0.19616585394067626
1448	0.19589057091385825
1449	0.19561660995833852
1450	0.19534575727715517
1451	0.1950725703981614
1452	0.19480189505708223
1453	0.19453173512908709
1454	0.1942612249293746
1455	0.19399313389526582
1456	0.19372496139897463
1457	0.19345799033583755
1458	0.19318989274767287
1459	0.1929252638186184
1460	0.19265882865374667
1461	0.19239588135627622
1462	0.19213182972623294
1463	0.19186232405561018
1464	0.19159951642540948
1465	0.1913424866150401
1466	0.19107690913270375
1467	0.19082214770602934
1468	0.19055628077637513
1469	0.19029745163816425
1470	0.19003919228669058
1471	0.18978150333933447
1472	0.1895302858735262
1473	0.18926792892856922
1474	0.18901765951163518
1475	0.18875689418448563
1476	0.188502738582551
1477	0.18824917471752733
1478	0.1880000752810398
1479	0.18774920744050666
1480	0.18749155524790279
1481	0.18724045305528442
1482	0.18699454665682053
1483	0.1867456968372112
1484	0.18649584984689727
1485	0.186247662384739
1486	0.18599918183349057
1487	0.18575178537871556
1488	0.18549970710282573
1489	0.18525924730182552
1490	0.18501404074437786
1491	0.18476902955233412
1492	0.18452430144018184
1493	0.18427945228609957
1494	0.1840324591471897
1495	0.18379022700903852
1496	0.1835528690532654
1497	0.18330721508164272
1498	0.18307122941231094
1499	0.18283037316721593
1500	0.1825925687916631
1501	0.1823528027690175
1502	0.18211380643248615
1503	0.18187776679367357
1504	0.18163545601392572
1505	0.18140443651880533
1506	0.1811631871407964
1507	0.18092828921573828
1508	0.18069737177976267
1509	0.18046476257664845
1510	0.18022591167448493
1511	0.17999714756022517
1512	0.1797645534213489
1513	0.17953327987761647
1514	0.17930313483670224
1515	0.1790724438085186
1516	0.17883731460720018
1517	0.17861298938067324
1518	0.17838368526412957
1519	0.17815423693399923
1520	0.1779278611447696
1521	0.1777006366160277
1522	0.17747249580213567
1523	0.1772463758772917
1524	0.17702098570298824
1525	0.17679645559070387
1526	0.1765679121614645
1527	0.17634850154324969
1528	0.17612068926363805
1529	0.17589774089149046
1530	0.17568063112342625
1531	0.17545742007749338
1532	0.17523278454575666
1533	0.17501598281580402
1534	0.17479653394571526
1535	0.17457716099529075
1536	0.17435685139119625
1537	0.17413807126189285
1538	0.17392000372006214
1539	0.17370394487663174
1540	0.17348230613503485
1541	0.17326586488035944
1542	0.17304981375309164
1543	0.17283807969600223
1544	0.17262430597133416
1545	0.17240986944603365
1546	0.17219601724827505
1547	0.17198181226008238
1548	0.171769616254064
1549	0.17155268696939657
1550	0.1713407242368226
1551	0.1711296911843667
1552	0.1709189227422143
1553	0.1707084011607689
1554	0.1705025286592199
1555	0.17029285096323382
1556	0.17008477048240891
1557	0.16987523561922022
1558	0.16966766727829913
1559	0.16945958579783285
1560	0.1692493706178644
1561	0.16904323565333396
1562	0.1688408919890626
1563	0.16863153564241265
1564	0.16842981735369988
1565	0.16822223686515195
1566	0.1680214163548004
1567	0.16781759720764203
1568	0.1676114329421966
1569	0.16741312159505983
1570	0.1672109466005035
1571	0.1670092421515784
1572	0.16680797239952197
1573	0.1666068676329709
1574	0.1664027142549956
1575	0.16620707210085275
1576	0.16600684507936891
1577	0.1658074544111012
1578	0.16560954264815075
1579	0.16541089300780462
1580	0.1652143365134609
1581	0.16501707966880946
1582	0.16482041897564717
1583	0.16462054679331467
1584	0.1644247687453913
1585	0.16422954462475448
1586	0.16403773052030107
1587	0.1638401210635081
1588	0.1636491457959467
1589	0.16345556029640532
1590	0.16326241064190722
1591	0.1630697279365039
1592	0.16287469606282526
1593	0.16268687337578744
1594	0.16249471487627415
1595	0.16230044709334696
1596	0.16211016465493894
1597	0.1619233851715694
1598	0.16173367577165565
1599	0.1615409991174005
1600	0.16135225070191117
1601	0.16116786627398777
1602	0.1609760954612704
1603	0.16079143135350743
1604	0.1606052493334132
1605	0.1604181986188675
1606	0.1602322344314096
1607	0.16004628631406917
1608	0.15986052804898182
1609	0.1596720648139256
1610	0.1594909028866977
1611	0.1593066851461211
1612	0.15911952770207188
1613	0.1589390576941678
1614	0.15875578844600632
1615	0.1585704670358715
1616	0.15839187221363082
1617	0.15820898963386412
1618	0.15802802986591688
1619	0.1578468287516563
1620	0.1576633530464742
1621	0.15748582175234419
1622	0.157306836652213
1623	0.15712682774705822
1624	0.15694461574573834
1625	0.15676603072285056
1626	0.15659123808528222
1627	0.15641018272228574
1628	0.15623593451396967
1629	0.1560591196954422
1630	0.15587896994348432
1631	0.15570509742966598
1632	0.15552960770801533
1633	0.15535454212422942
1634	0.15517846266373045
1635	0.1550010375158648
1636	0.15482667855565335
1637	0.15465611020251585
1638	0.15448239318950135
1639	0.15430569054113324
1640	0.1541326864160961
1641	0.15396033496190992
1642	0.15378826171426024
1643	0.1536188036888098
1644	0.15344728596195045
1645	0.15327697696776327
1646	0.15310635777117299
1647	0.1529327485015525
1648	0.15276554523223526
1649	0.15259536555313818
1650	0.1524260442353121
1651	0.15225806199943764
1652	0.15208869916831208
1653	0.15192113177470054
1654	0.1517532851600008
1655	0.1515857939348243
1656	0.1514182718120917
1657	0.1512488012491638
1658	0.15108531934301905
1659	0.1509185398331963
1660	0.15075309606437914
1661	0.15058736709321519
1662	0.15042007511705424
1663	0.15025762078458088
1664	0.15009392796399315
1665	0.14992691353343768
1666	0.14976348750816743
1667	0.14960022565370887
1668	0.14943985355288658
1669	0.1492767429649519
1670	0.14911440736867343
1671	0.14895025084756888
1672	0.1487915891220611
1673	0.1486299404890143
1674	0.14846930711792902
1675	0.14830583097485558
1676	0.1481478326624639
1677	0.14798556857538298
1678	0.1478282619207015
1679	0.14766909361307418
1680	0.14750995694987434
1681	0.14735205722877928
1682	0.14719283940079292
1683	0.14703484120732985
1684	0.1468750823815926
1685	0.1467176379535802
1686	0.14656078694615793
1687	0.14640410700398873
1688	0.14625023035282436
1689	0.1460937376131278
1690	0.1459386117459699
1691	0.1457834349890348
1692	0.1456254518568841
1693	0.14547059774034307
1694	0.14531616661653696
1695	0.1451650564816075
1696	0.14500834950059235
1697	0.1448575761396396
1698	0.14470363120354957
1699	0.14455082922550913
1700	0.14439867677100826
1701	0.14424384231746581
1702	0.14409397766076495
1703	0.14394005758631995
1704	0.14378889132915715
1705	0.1436406204124082
1706	0.14348902445859593
1707	0.14333658941617233
1708	0.14318646461576978
1709	0.1430391745333076
1710	0.14288712388770972
1711	0.14273983485124903
1712	0.1425908304308049
1713	0.142442925619487
1714	0.14229391142226983
1715	0.14214603981755833
1716	0.14199596120377436
1717	0.1418504021485351
1718	0.14170134283942365
1719	0.14155634570014447
1720	0.14140788732571802
1721	0.1412614745771465
1722	0.14111823266135026
1723	0.1409720834704986
1724	0.14082437476015752
1725	0.14068167677459686
1726	0.1405368098428986
1727	0.14039192578043697
1728	0.14024746802801522
1729	0.14010147867703063
1730	0.13995998257311199
1731	0.1398142943174065
1732	0.1396737119325478
1733	0.1395306294627312
1734	0.13938747792393094
1735	0.13924546894412876
1736	0.13910358457886207
1737	0.13896181651428097
1738	0.13881979470904313
1739	0.1386790998782458
1740	0.13853815968801295
1741	0.13839518486952976
1742	0.13825730801775585
1743	0.13811670527026745
1744	0.13797730056578508
1745	0.13783753512738867
1746	0.1376976914768281
1747	0.13755934340588102
1748	0.13741816133222792
1749	0.13728139519341226
1750	0.13714367183636633
1751	0.13700344370314835
1752	0.13686747571896699
1753	0.13673036454468593
1754	0.13659351028811006
1755	0.13645662038855577
1756	0.13631977101360376
1757	0.1361833971320912
1758	0.13604505646900422
1759	0.1359110278738073
1760	0.135775986038499
1761	0.13563826157375786
1762	0.13550321342722293
1763	0.13536845665600802
1764	0.13523392030803524
1765	0.13509959743619826
1766	0.1349677943536882
1767	0.13483179300262477
1768	0.13470038206644847
1769	0.1345665593537813
1770	0.1344336974625407
1771	0.13430064212182535
1772	0.13416635251857773
1773	0.13403418883768126
1774	0.13390217319099185
1775	0.13377250350991318
1776	0.13364095660418612
1777	0.13350757588584128
1778	0.13337882709194632
1779	0.13324800633298678
1780	0.1331151703760437
1781	0.13298489097792504
1782	0.1328564225789457
1783	0.13272501283997626
1784	0.13259534474371307
1785	0.13246614684131913
1786	0.13233919475805656
1787	0.13221038897504025
1788	0.13207961195267104
1789	0.13195325143271225
1790	0.13182528165553895
1791	0.13169671392662263
1792	0.13156899932875266
1793	0.13144214064931514
1794	0.13131430322666773
1795	0.13118784718378
1796	0.13106121464007814
1797	0.13093461442120075
1798	0.13080812380669232
1799	0.1306822117221051
1800	0.13055445503020294
1801	0.1304304302735242
1802	0.13030349611364334
1803	0.13017851162948868
1804	0.13005366187423936
1805	0.12993099242440243
1806	0.12980468701692632
1807	0.12968242781422828
1808	0.1295584653189834
1809	0.12943473395226673
1810	0.12931137042376895
1811	0.1291874812260103
1812	0.12906293718149503
1813	0.12894159140819597
1814	0.12881742819354872
1815	0.12869515405771098
1816	0.12857504644320206
1817	0.12845100502008217
1818	0.12833126993206767
1819	0.12820944364853104
1820	0.12808861937893365
1821	0.127966948943715
1822	0.12784458604734733
1823	0.12772576197463859
1824	0.1276054828115731
1825	0.12748486339421689
1826	0.127365063681282
1827	0.12724565614129468
1828	0.12712614613496281
1829	0.12700665743030579
1830	0.12688732142845865
1831	0.12676863495050975
1832	0.1266500930034422
1833	0.12653161553968734
1834	0.1264114349592512
1835	0.12629342102138608
1836	0.12617564193599004
1837	0.1260580269802304
1838	0.12594199692238736
1839	0.12582530688116841
1840	0.1257083093755958
1841	0.12559098480849398
1842	0.1254747956297019
1843	0.12535801502809085
1844	0.12524041180655426
1845	0.1251259003580339
1846	0.1250105372846406
1847	0.12489324257732032
1848	0.12477966318667078
1849	0.12466281241253868
1850	0.12454949841031958
1851	0.12443446124129842
1852	0.12432031446217653
1853	0.1242061285040959
1854	0.12409014307306637
1855	0.12397754758164556
1856	0.1238643168756624
1857	0.12375080563223435
1858	0.12363703923045913
1859	0.12352431018043253
1860	0.12341125319308202
1861	0.12329864899899327
1862	0.12318431659116696
1863	0.12307200422469639
1864	0.1229611559069417
1865	0.12284784893812666
1866	0.1227362259240995
1867	0.12262466686507004
1868	0.12251496949805801
1869	0.12240358915534143
1870	0.12229278901044066
1871	0.12218040641366587
1872	0.12206981350226215
1873	0.12196119956257528
1874	0.12185047168304003
1875	0.12174094257927215
1876	0.1216311145860367
1877	0.12152094863542855
1878	0.12141164602183938
1879	0.12130270038772543
1880	0.12119188425904534
1881	0.1210829560684632
1882	0.12097605795649982
1883	0.12086742207717312
1884	0.12075923998458554
1885	0.1206509531885756
1886	0.12054311041904331
1887	0.12043358804527582
1888	0.12032754193926865
1889	0.12021870065552097
1890	0.12011267657595731
1891	0.1200056184895153
1892	0.11989755818084129
1893	0.11979233755230695
1894	0.11968594086416234
1895	0.11957950802286138
1896	0.11947348921612215
1897	0.11936595578004737
1898	0.11926180868995483
1899	0.11915634689430413
1900	0.11904929453574006
1901	0.11894571080338318
1902	0.11884019024650504
1903	0.11873565451308538
1904	0.11863082477162303
1905	0.11852490867772014
1906	0.11842208560821263
1907	0.11831757250124311
1908	0.11821244432547473
1909	0.11810998894580665
1910	0.11800497236073355
1911	0.1179031136852117
1912	0.11779824401697678
1913	0.11769627248653372
1914	0.117593461767251
1915	0.11749085263649753
1916	0.11738806896130721
1917	0.11728428035652386
1918	0.11718366220235879
1919	0.1170811280570653
1920	0.1169794072992465
1921	0.11687743057165248
1922	0.11677472592221588
1923	0.11667327415740328
1924	0.11657211636798553
1925	0.11647216167743016
1926	0.11637017387588088
1927	0.11627085491470288
1928	0.11617003803854833
1929	0.11606846962395151
1930	0.11596816501697216
1931	0.11586945842013496
1932	0.11576954125312541
1933	0.11566977783984157
1934	0.11557038383061846
1935	0.11547069274092668
1936	0.11537021407754883
1937	0.11527258364371587
1938	0.11517343143945874
1939	0.11507451365766584
1940	0.11497483646329122
1941	0.11487789056123031
1942	0.11477814819141652
1943	0.11468007702129862
1944	0.11458214196596236
1945	0.11448539184881754
1946	0.11438669461927863
1947	0.11429063722723545
1948	0.11419338120846526
1949	0.11409622633905028
1950	0.11399893109830588
1951	0.11390089770659481
1952	0.11380423261893949
1953	0.11370772604966245
1954	0.11361279818643011
1955	0.11351638921850918
1956	0.1134201822639575
1957	0.11332457993535602
1958	0.11322843342093039
1959	0.11313317954283758
1960	0.11303768924562711
1961	0.11294231029073151
1962	0.112845953589962
1963	0.11275200227781074
1964	0.11265757440815155
1965	0.11256248758740592
1966	0.11246835006251078
1967	0.11237260301422708
1968	0.11227980141096197
1969	0.1121843400597556
1970	0.11209172102433186
1971	0.1119980741180484
1972	0.11190423569455717
1973	0.11181064785323677
1974	0.11171742869350842
1975	0.1116230272981698
1976	0.11153144147357892
1977	0.11143837962861945
1978	0.1113458378546826
1979	0.11125288550807502
1980	0.11116045571813882
1981	0.11106825306396526
1982	0.11097507134584603
1983	0.11088304292695553
1984	0.11079235776866528
1985	0.11070092085394004
1986	0.11060926195118692
1987	0.11051765945596762
1988	0.1104266856937421
1989	0.11033519795811306
1990	0.11024460835335281
1991	0.11015359108251138
1992	0.11006269927886134
1993	0.10997124230031377
1994	0.10988083382078588
1995	0.10979151396272124
1996	0.10970168010659478
1997	0.10961160403267499
1998	0.10952067465958822
1999	0.10943191150265916
2000	0.10934145047113791
2001	0.10925205530244957
2002	0.10916405748112046
2003	0.10907366938440449
2004	0.10898467942352393
2005	0.10889713031683763
2006	0.10880831168540694
2007	0.10871858003180282
2008	0.10863140240827507
2009	0.10854312019738926
2010	0.10845476221537717
2011	0.10836559960308664
2012	0.10827894565460432
2013	0.10819005177034635
2014	0.1081034070787761
2015	0.10801610703717208
2016	0.10792756289917425
2017	0.10784167548306282
2018	0.10775440106103006
2019	0.10766639275798623
2020	0.10757960581442037
2021	0.10749418788783534
2022	0.10740755623604971
2023	0.10732001866356075
2024	0.10723499822241533
2025	0.10714762830312893
2026	0.10706268325129231
2027	0.10697570095931219
2028	0.10689002946700074
2029	0.1068052963985062
2030	0.10672006763387623
2031	0.10663480672859438
2032	0.10654839996979505
2033	0.1064641751953638
2034	0.10637949989699845
2035	0.10629438159286056
2036	0.10620996583824324
2037	0.1061253564094457
2038	0.10604066321367618
2039	0.10595549907922677
2040	0.1058713534473696
2041	0.10578812938362578
2042	0.10570444693459986
2043	0.10562039531520465
2044	0.10553588078446655
2045	0.10545351986240781
2046	0.10536976764954589
2047	0.10528646653443945
2048	0.1052034507887796
2049	0.10511936924517976
2050	0.10503758698553199
2051	0.10495455379910262
2052	0.10487213366026864
2053	0.10478967822823891
2054	0.10470726280533446
2055	0.10462382510122942
2056	0.10454279687013247
2057	0.10445958183705095
2058	0.10437852492834326
2059	0.10429696807388908
2060	0.10421505123506433
2061	0.10413268973981198
2062	0.10405122754575852
2063	0.10397102336015629
2064	0.1038895964936529
2065	0.1038087603041527
2066	0.10372757949384917
2067	0.10364691545817245
2068	0.10356604163583832
2069	0.10348552428511983
2070	0.10340498789140579
2071	0.10332480740965255
2072	0.10324364452216911
2073	0.10316353639921264
2074	0.10308352379852007
2075	0.10300366980773085
2076	0.10292397997891523
2077	0.10284545806730173
2078	0.10276578246325756
2079	0.10268547101893426
2080	0.10260720406191887
2081	0.10252796068223347
2082	0.10244794819546169
2083	0.10237008419409283
2084	0.10229023855667471
2085	0.1022123677919971
2086	0.10213301903164025
2087	0.10205453406095638
2088	0.10197723211857021
2089	0.10189802751537481
2090	0.10181993137869554
2091	0.10174292257249286
2092	0.10166507498057507
2093	0.10158719910203619
2094	0.10150858290289133
2095	0.10143184283791204
2096	0.10135462578228999
2097	0.10127737604639725
2098	0.1011991036309573
2099	0.10112311111820765
2100	0.10104605814058014
2101	0.10096822977453847
2102	0.1008924450371344
2103	0.10081572588777929
2104	0.10073831051828427
2105	0.10066293188301062
2106	0.10058560100490956
2107	0.10050941811528083
2108	0.10043330780314727
2109	0.100358103816455
2110	0.10028150796354407
2111	0.10020576415627896
2112	0.10013113054248349
2113	0.1000554521051435
2114	0.09998008655000598
2115	0.0999046445259516
2116	0.09982861090466241
2117	0.09975351856458617
2118	0.09967854023224677
2119	0.09960366266312742
2120	0.09952975368302507
2121	0.09945505363069394
2122	0.09937965229250803
2123	0.09930589946519681
2124	0.0992315299168479
2125	0.0991574889022884
2126	0.09908313986614385
2127	0.0990093701803326
2128	0.09893546885518223
2129	0.09886066474564324
2130	0.09878765767284808
2131	0.09871418276868443
2132	0.0986405289932169
2133	0.09856643553691007
2134	0.09849405307224672
2135	0.09842091932496369
2136	0.09834785801629903
2137	0.098273922435786
2138	0.09820200410179705
2139	0.09812895674569855
2140	0.09805648201972045
2141	0.09798384547546266
2142	0.0979115212367883
2143	0.09783897103410158
2144	0.0977659361889877
2145	0.0976937516634266
2146	0.0976217115937209
2147	0.09755075031574831
2148	0.09747792531474982
2149	0.09740689519915566
2150	0.09733453509622134
2151	0.09726304002435275
2152	0.09719157100143316
2153	0.09712120094361079
2154	0.09704988613474679
2155	0.09697854623749354
2156	0.09690685113613529
2157	0.09683655819367648
2158	0.09676501182174713
2159	0.09669519091843859
2160	0.09662368420324746
2161	0.09655404327119897
2162	0.09648268052594765
2163	0.09641233757638767
2164	0.09634299157350189
2165	0.09627194324168807
2166	0.09620273298752124
2167	0.09613195749821399
2168	0.09606272692711569
2169	0.0959923116362254
2170	0.09592341456633885
2171	0.09585306560645891
2172	0.09578448409518088
2173	0.09571486543418709
2174	0.09564569116329283
2175	0.09557573523960437
2176	0.09550729307558774
2177	0.09543841703848921
2178	0.09536874701300106
2179	0.09530082095341086
2180	0.09523205947453299
2181	0.09516260325685189
2182	0.09509414346205575
2183	0.09502634420405276
2184	0.09495813184051562
2185	0.09488975069265496
2186	0.0948209823997681
2187	0.0947538213341432
2188	0.09468573818113851
2189	0.09461785693246563
2190	0.09454934969615739
2191	0.09448248024121389
2192	0.094414962892532
2193	0.09434661796407054
2194	0.09427919729699066
2195	0.09421194024556478
2196	0.09414542602679896
2197	0.09407760667176618
2198	0.09401137583136407
2199	0.09394366430767406
2200	0.09387682386013331
2201	0.09381093027131068
2202	0.09374419611690786
2203	0.09367762280401837
2204	0.09361116816349255
2205	0.09354475215401473
2206	0.09347827186580664
2207	0.0934114678013566
2208	0.09334535146652996
2209	0.09327933062450779
2210	0.09321416357806746
2211	0.09314755083208553
2212	0.09308181061010756
2213	0.09301614982375336
2214	0.09295132566750605
2215	0.09288576489204975
2216	0.09281966294914958
2217	0.09275514114879296
2218	0.09268979722244858
2219	0.09262394718840739
2220	0.09255969763323818
2221	0.09249450855165817
2222	0.09242905610007293
2223	0.09236494205823223
2224	0.09229953519656706
2225	0.0922357364947512
2226	0.09217115959011443
2227	0.09210656710775196
2228	0.09204158626814023
2229	0.09197793278375649
2230	0.09191311384654026
2231	0.09184958356180128
2232	0.09178572610053948
2233	0.0917216791325347
2234	0.09165720836637295
2235	0.0915941276843788
2236	0.09153033314081131
2237	0.09146617382542112
2238	0.09140323753203883
2239	0.09133980735089764
2240	0.09127653747884881
2241	0.0912126485000169
2242	0.0911494881442585
2243	0.09108717146236411
2244	0.0910234215380418
2245	0.09096051010011365
2246	0.09089822687698978
2247	0.09083558040557647
2248	0.09077224456170947
2249	0.09070966776382326
2250	0.09064771548171227
2251	0.09058540278641168
2252	0.09052299344846516
2253	0.09046014946116133
2254	0.09039797468346761
2255	0.09033650686200048
2256	0.09027452708298553
2257	0.09021195584322668
2258	0.09015063953238041
2259	0.09008833622987313
2260	0.0900266553817828
2261	0.08996559415217938
2262	0.08990413859106264
2263	0.08984279881171518
2264	0.08978072297943629
2265	0.0897200920983979
2266	0.08965884527252366
2267	0.08959771749275439
2268	0.08953660012405924
2269	0.08947568356113673
2270	0.08941494853853406
2271	0.08935399578932675
2272	0.08929269546765212
2273	0.08923276134827618
2274	0.08917146966743589
2275	0.08911099078880858
2276	0.08905062516858996
2277	0.08899097686055947
2278	0.08893005054280385
2279	0.08886989114490237
2280	0.08881038681278518
2281	0.08874979385181819
2282	0.08869055779010052
2283	0.08862999078685621
2284	0.0885708814550431
2285	0.08851123627766774
2286	0.08845155137479144
2287	0.08839135127214241
2288	0.08833187548414043
2289	0.08827318038733686
2290	0.08821381400051119
2291	0.08815388884199896
2292	0.08809526068853135
2293	0.08803562969347142
2294	0.08797666606673263
2295	0.08791769383199824
2296	0.08785946998648549
2297	0.08780075547309943
2298	0.08774199926691581
2299	0.08768271647369874
2300	0.08762480280686777
2301	0.08756623423717379
2302	0.0875077399627634
2303	0.08744891270196664
2304	0.08739064882082925
2305	0.08733316123502997
2306	0.08727493570565427
2307	0.0872168916231815
2308	0.08715898107179108
2309	0.08710043643178364
2310	0.08704315395154862
2311	0.08698484405217238
2312	0.08692721570843587
2313	0.08686962047007309
2314	0.08681277398761947
2315	0.08675527481702709
2316	0.0866978398010052
2317	0.08663996390020769
2318	0.08658320560908742
2319	0.08652619909896234
2320	0.08646894367413142
2321	0.08641206372203722
2322	0.08635511816823269
2323	0.08629820335837694
2324	0.08624135988485349
2325	0.08618408855772244
2326	0.08612799790903096
2327	0.08607084028821638
2328	0.08601494129033388
2329	0.08595835494199411
2330	0.08590150799692625
2331	0.08584585852838192
2332	0.0857889871051215
2333	0.08573280899304227
2334	0.0856772185615748
2335	0.08562118994479878
2336	0.08556474729851186
2337	0.08550936180790687
2338	0.08545359219176231
2339	0.08539734550927591
2340	0.0853416823945036
2341	0.08528654380283604
2342	0.08523118203948589
2343	0.08517508741634873
2344	0.08512016021680005
2345	0.08506492610323521
2346	0.08500957395946211
2347	0.08495455409304348
2348	0.08489881292647197
2349	0.08484422157603481
2350	0.08478924146690851
2351	0.08473441284524978
2352	0.08467902927848811
2353	0.08462427017822509
2354	0.08456955775001318
2355	0.08451493325389645
2356	0.0844608075370539
2357	0.08440630181426195
2358	0.08435141310838919
2359	0.08429758978091703
2360	0.08424335733180524
2361	0.0841885235832932
2362	0.08413496903182745
2363	0.08408024968079728
2364	0.08402682981662621
2365	0.08397269981740751
2366	0.08391887845525396
2367	0.08386452709269501
2368	0.08381075270595431
2369	0.08375706668261135
2370	0.08370340649628663
2371	0.08365030710021823
2372	0.08359683759342741
2373	0.08354335415973359
2374	0.08349015498059842
2375	0.08343679609964853
2376	0.08338355599699634
2377	0.0833303105532748
2378	0.08327670668527734
2379	0.0832240981755624
2380	0.083170683540093
2381	0.08311774837148742
2382	0.08306551445370086
2383	0.08301269145790124
2384	0.08295998690131431
2385	0.08290734228208531
2386	0.08285458401191736
2387	0.0828020477912984
2388	0.08274913124866029
2389	0.08269732344226187
2390	0.08264492786110522
2391	0.08259271544738064
2392	0.08254042753869603
2393	0.08248834788298234
2394	0.08243614685303527
2395	0.08238422225180275
2396	0.08233212361983075
2397	0.08228037767794069
2398	0.08222854181175429
2399	0.08217677640899451
2400	0.08212502916991427
2401	0.08207333663084157
2402	0.08202174758663634
2403	0.08197014309872447
2404	0.08191824637017597
2405	0.08186688252731977
2406	0.08181603964776804
2407	0.08176426882992312
2408	0.0817135904603501
2409	0.08166232246309202
2410	0.08161138834473097
2411	0.08156019656890931
2412	0.08150937985845978
2413	0.08145847572634439
2414	0.08140762835399687
2415	0.08135629101730395
2416	0.08130614016363623
2417	0.08125542996713286
2418	0.08120476483493322
2419	0.08115428453949401
2420	0.08110382154120152
2421	0.08105326415258253
2422	0.08100305027859478
2423	0.08095218341271888
2424	0.08090250043919257
2425	0.08085223917798513
2426	0.0808021786525031
2427	0.08075158402867424
2428	0.08070160796427452
2429	0.08065167033932368
2430	0.08060218549143319
2431	0.08055251172500029
2432	0.0805025893774643
2433	0.0804524947149588
2434	0.08040282812703943
2435	0.08035326894972682
2436	0.08030374067544561
2437	0.08025477793967259
2438	0.08020524839411564
2439	0.08015588977423249
2440	0.08010618531566828
2441	0.0800574735198616
2442	0.08000817977355953
2443	0.0799591728349269
2444	0.07990998996657285
2445	0.07986059991743574
2446	0.079812195559909
2447	0.0797632906701308
2448	0.07971444310256057
2449	0.07966557598829833
2450	0.07961686937053551
2451	0.07956830186191309
2452	0.07951965975544593
2453	0.07947100361742532
2454	0.07942262242952745
2455	0.07937415134531961
2456	0.0793258530370579
2457	0.07927698295665461
2458	0.07922919794509907
2459	0.07918054657342036
2460	0.0791324010387182
2461	0.07908431193645982
2462	0.0790366903782072
2463	0.07898826276700144
2464	0.07894035993515512
2465	0.07889250572041294
2466	0.07884519293668395
2467	0.07879743921791786
2468	0.07874920227950573
2469	0.07870202383668379
2470	0.07865398998415321
2471	0.07860692476758621
2472	0.07855895031155571
2473	0.07851202337423092
2474	0.07846457568330163
2475	0.07841721588406507
2476	0.07837007436008164
2477	0.07832274468094486
2478	0.07827558571490581
2479	0.07822848206500829
2480	0.07818108664187061
2481	0.07813407139110294
2482	0.07808758928347535
2483	0.0780406363246491
2484	0.07799385261827162
2485	0.07794667088015458
2486	0.0778999351367191
2487	0.07785372448170472
2488	0.07780665856954447
2489	0.0777605998478896
2490	0.07771362172656715
2491	0.07766766647668008
2492	0.07762123611405722
2493	0.07757443254095066
2494	0.07752860143514406
2495	0.07748230614791365
2496	0.0774356977439688
2497	0.07739007662133517
2498	0.07734348998159189
2499	0.07729786914402895
2500	0.07725190320345098
2501	0.0772055839088833
2502	0.07716013445041012
2503	0.07711428673744436
2504	0.07706847128393605
2505	0.07702288942622373
2506	0.0769772208303926
2507	0.07693160895935387
2508	0.0768860295337821
2509	0.07684042197695894
2510	0.07679462352264929
2511	0.07674922471454997
2512	0.07670431659050087
2513	0.07665898298300158
2514	0.07661378011815845
2515	0.07656810961150645
2516	0.07652342825124046
2517	0.0764778772153073
2518	0.07643326519623353
2519	0.07638820083613285
2520	0.07634335517048917
2521	0.07629802833929933
2522	0.07625365198164492
2523	0.07620873802578366
2524	0.07616412199618751
2525	0.07611895500903126
2526	0.07607432183281174
2527	0.0760297397066011
2528	0.07598559012554873
2529	0.07594106530700927
2530	0.07589674923276314
2531	0.07585236054575274
2532	0.07580802795859726
2533	0.07576326283065343
2534	0.07571902858495283
2535	0.07567531447605842
2536	0.07563114971463217
2537	0.07558709826192553
2538	0.0755430228935614
2539	0.0754986086659491
2540	0.0754551283361179
2541	0.07541078213986052
2542	0.07536692001051608
2543	0.07532359258006459
2544	0.07527972989578986
2545	0.07523612234490648
2546	0.07519248842041627
2547	0.07514887777288329
2548	0.07510533742718985
2549	0.07506176946014158
2550	0.07501836525899899
2551	0.07497498711422419
2552	0.07493119008852661
2553	0.07488787969398354
2554	0.0748446050287129
2555	0.07480185103577117
2556	0.07475825453068863
2557	0.07471549628711473
2558	0.07467249537858466
2559	0.0746294640474659
2560	0.0745865001024218
2561	0.07454357073068865
2562	0.07450066950145041
2563	0.07445787385360711
2564	0.07441507661548921
2565	0.0743722818127275
2566	0.07432921967395754
2567	0.07428655874263933
2568	0.07424399425633864
2569	0.07420181174167853
2570	0.07415927516794163
2571	0.07411678611801537
2572	0.07407406316511164
2573	0.07403212871256536
2574	0.07398982395767602
2575	0.0739471291216036
2576	0.07390532397849245
2577	0.07386312558753941
2578	0.073821021408738
2579	0.07377851018080214
2580	0.07373689619533155
2581	0.07369489262700964
2582	0.0736529326843697
2583	0.07361100638856162
2584	0.07356908184802204
2585	0.07352697410945319
2586	0.07348563749793564
2587	0.07344388572852519
2588	0.07340221461737548
2589	0.07336050145810966
2590	0.07331861452674243
2591	0.07327747217753917
2592	0.07323559619906217
2593	0.07319415473458592
2594	0.07315315520321615
2595	0.07311178968229247
2596	0.07307038582862957
2597	0.0730292406364482
2598	0.0729878986643703
2599	0.07294678034037344
2600	0.07290567008867793
2601	0.07286420255560953
2602	0.07282314813896691
2603	0.07278257289288834
2604	0.07274162090500846
2605	0.0727007105882301
2606	0.0726594513661862
2607	0.07261894856249804
2608	0.0725782476882153
2609	0.07253749442969497
2610	0.0724967155169759
2611	0.07245576150868883
2612	0.07241559054746327
2613	0.07237462666991668
2614	0.07233446359224102
2615	0.07229362421779231
2616	0.07225356664622146
2617	0.07221283270626347
2618	0.07217250171900194
2619	0.07213260968171072
2620	0.07209235009636261
2621	0.07205174288195598
2622	0.0720119700269458
2623	0.07197144115269516
2624	0.07193136409771268
2625	0.07189134568729448
2626	0.07185135669530181
2627	0.07181177446636325
2628	0.07177177861451516
2629	0.07173196768355344
2630	0.07169207827474851
2631	0.0716523520851412
2632	0.07161254839123792
2633	0.07157257634410655
2634	0.07153322629477853
2635	0.07149368612455298
2636	0.07145373099258855
2637	0.07141421125375363
2638	0.07137511150741806
2639	0.07133526485647745
2640	0.07129619656062938
2641	0.0712567929825747
2642	0.07121752516531853
2643	0.07117824817907784
2644	0.0711386803027414
2645	0.07109984208566068
2646	0.07106071602543554
2647	0.07102122514417501
2648	0.07098252327731852
2649	0.07094312808735867
2650	0.07090452460667829
2651	0.07086546951056359
2652	0.07082629878919428
2653	0.07078770562078415
2654	0.07074898423361523
2655	0.07071017898041781
2656	0.07067141192984638
2657	0.07063270838572723
2658	0.07059371828585251
2659	0.0705554735136749
2660	0.07051687509846405
2661	0.07047828571221812
2662	0.07043978651732408
2663	0.07040129858344074
2664	0.07036290920168894
2665	0.07032423601188002
2666	0.07028590894234754
2667	0.07024793486027231
2668	0.0702097196758891
2669	0.07017150874507436
2670	0.07013333884384074
2671	0.07009512205697134
2672	0.07005671906976599
2673	0.07001904163286306
2674	0.06998095694828907
2675	0.06994268832538329
2676	0.06990510630039995
2677	0.06986720098901492
2678	0.06982935943698432
2679	0.06979118416411473
2680	0.06975376658826149
2681	0.06971598455137348
2682	0.06967822842980041
2683	0.06964066592186202
2684	0.06960269087549134
2685	0.06956541778424417
2686	0.06952755966018424
2687	0.06949006233557589
2688	0.06945259530077035
2689	0.06941547909852441
2690	0.06937814362743606
2691	0.06934071526989298
2692	0.06930341124987367
2693	0.06926584675571629
2694	0.06922862042978656
2695	0.06919175777175722
2696	0.06915452255880614
2697	0.06911715073522362
2698	0.06908035987533594
2699	0.069043330239067
2700	0.06900627407714843
2701	0.06896905367548253
2702	0.0689321344010517
2703	0.068895573541383
2704	0.06885869825209309
2705	0.0688218639488393
2706	0.06878505120481072
2707	0.06874804775820247
2708	0.06871135147331932
2709	0.06867500817978102
2710	0.0686384032944222
2711	0.06860176860529085
2712	0.06856494216225716
2713	0.06852843260995481
2714	0.06849223520830107
2715	0.06845577290146804
2716	0.0684191294555885
2717	0.06838308509426713
2718	0.06834676736565519
2719	0.06831014917476341
2720	0.0682742185008503
2721	0.06823793420694078
2722	0.0682018485243521
2723	0.0681657129565258
2724	0.06812926366407274
2725	0.06809344245622313
2726	0.06805750177242992
2727	0.0680211611305226
2728	0.06798546439399365
2729	0.06794930584175495
2730	0.067913425302373
2731	0.06787757365495208
2732	0.06784208076388973
2733	0.06780599239109705
2734	0.06777049656681593
2735	0.06773486442877266
2736	0.06769888858049536
2737	0.06766358961397134
2738	0.06762766653557402
2739	0.06759237602088744
2740	0.06755659298112685
2741	0.06752141742065404
2742	0.06748565601862919
2743	0.0674505537366708
2744	0.06741486904153535
2745	0.06737986298712217
2746	0.0673444830214307
2747	0.06730920907893898
2748	0.06727394748750704
2749	0.06723850764349693
2750	0.06720334716304124
2751	0.06716854598182996
2752	0.0671333918853372
2753	0.06709836668934469
2754	0.06706302758686071
2755	0.06702804268860066
2756	0.06699333699607339
2757	0.06695817150598946
2758	0.06692330336199338
2759	0.0668887346804131
2760	0.06685387106435607
2761	0.06681918099161178
2762	0.06678410325873613
2763	0.06674940989680059
2764	0.06671505368020836
2765	0.0666803519957392
2766	0.06664572169545188
2767	0.06661123254728295
2768	0.06657670511489686
2769	0.066541885031644
2770	0.06650768960961048
2771	0.06647329234840457
2772	0.06643858594574864
2773	0.06640420937374106
2774	0.06637012392019487
2775	0.06633560429033024
2776	0.06630156358612012
2777	0.06626710802222528
2778	0.06623314421652671
2779	0.06619874377375964
2780	0.06616495017657906
2781	0.06613079624711618
2782	0.06609670565179933
2783	0.06606272503261573
2784	0.06602846039181622
2785	0.06599477316009407
2786	0.06596058154666415
2787	0.06592699750931733
2788	0.06589282614168868
2789	0.06585932611362627
2790	0.0658254493514599
2791	0.06579146944382565
2792	0.06575797186771411
2793	0.06572430235160046
2794	0.06569070122000509
2795	0.06565678037489912
2796	0.06562340947316167
2797	0.06558985036139106
2798	0.06555636766509719
2799	0.0655228776552109
2800	0.06548937106868107
2801	0.06545602950753096
2802	0.06542258209821061
2803	0.06538927534429245
2804	0.06535594822221114
2805	0.0653225708871004
2806	0.06528909254084977
2807	0.06525614430338343
2808	0.06522266754921537
2809	0.06518972292427701
2810	0.06515658785459055
2811	0.06512348992633997
2812	0.06509020837359539
2813	0.06505738695610574
2814	0.06502440749905043
2815	0.06499120662812813
2816	0.06495852371545924
2817	0.06492557138743209
2818	0.06489277994208606
2819	0.06485989744366687
2820	0.06482712343565242
2821	0.0647940432987773
2822	0.06476154610904233
2823	0.06472889135108825
2824	0.0646959182063981
2825	0.064663273831956
2826	0.06463090655415166
2827	0.06459805231342114
2828	0.06456551430358277
2829	0.064533261918087
2830	0.06450076956455685
2831	0.06446833353074406
2832	0.0644358892216959
2833	0.06440321223189352
2834	0.0643710852882312
2835	0.06433851431765052
2836	0.06430647892201652
2837	0.06427420649388181
2838	0.06424168595642248
2839	0.06420971842727549
2840	0.06417730916910779
2841	0.06414543153545779
2842	0.06411304743732446
2843	0.06408096725555618
2844	0.06404915957573373
2845	0.06401689138421103
2846	0.06398518310360073
2847	0.06395313773251515
2848	0.06392124612778335
2849	0.06388937520468572
2850	0.0638574507596317
2851	0.06382566678721344
2852	0.06379357769318382
2853	0.06376179794685649
2854	0.06373005163647417
2855	0.06369857787860993
2856	0.06366665309346413
2857	0.06363525317350519
2858	0.06360336809696411
2859	0.06357177357126573
2860	0.06354040961934594
2861	0.06350867576991624
2862	0.06347738765582792
2863	0.0634459475205551
2864	0.06341450250599226
2865	0.06338310470804989
2866	0.06335166848482718
2867	0.06332007348439642
2868	0.06328901854927227
2869	0.06325766542474569
2870	0.06322642269886945
2871	0.0631951556832489
2872	0.06316401962055648
2873	0.0631327707899484
2874	0.06310162326021526
2875	0.06307054430735463
2876	0.06303921590905559
2877	0.06300842118882784
2878	0.06297711952461013
2879	0.06294639944084693
2880	0.06291542822658672
2881	0.06288441578068078
2882	0.0628535222339377
2883	0.06282242416470477
2884	0.06279157799681888
2885	0.06276094581641009
2886	0.06273016836921091
2887	0.06269943983777651
2888	0.06266843989190016
2889	0.06263793701469092
2890	0.06260706412411156
2891	0.06257667272037301
2892	0.06254579580793382
2893	0.06251539624362705
2894	0.062484871951115226
2895	0.062454106145967726
2896	0.06242386878384461
2897	0.06239339143783525
2898	0.06236292062981991
2899	0.06233244429822478
2900	0.06230186776182768
2901	0.06227175943606802
2902	0.062241356398639446
2903	0.06221105136663792
2904	0.06218077071147513
2905	0.062150557593671885
2906	0.06212035618205272
2907	0.062090161273967936
2908	0.06205975606579939
2909	0.06202960902310844
2910	0.06199973739511021
2911	0.06196943210533058
2912	0.061939631801544645
2913	0.06190954747960387
2914	0.061879368697898396
2915	0.06184964616408927
2916	0.06181970659445518
2917	0.06178973226308214
2918	0.06175992356153143
2919	0.061730017257289216
2920	0.061700229109319334
2921	0.061670416607642005
2922	0.06164065179380397
2923	0.06161066665920893
2924	0.061581130751942284
2925	0.061551256369449504
2926	0.06152158546952799
2927	0.061491963875603385
2928	0.061462560571046196
2929	0.061432778688780915
2930	0.061403227622641866
2931	0.06137369491493235
2932	0.06134442636756641
2933	0.06131491774794707
2934	0.06128547623658069
2935	0.061255877705901914
2936	0.06122672539260343
2937	0.061197132193634124
2938	0.06116805169522825
2939	0.061138672687986007
2940	0.061109209789841315
2941	0.061079948771484996
2942	0.0610509666541436
2943	0.061021779528784126
2944	0.060992577922999
2945	0.060963220463391435
2946	0.06093410311829021
2947	0.06090500134550142
2948	0.06087595394098841
2949	0.06084711436842788
2950	0.06081810074100466
2951	0.06078909144939709
2952	0.06076018219980739
2953	0.06073119752910562
2954	0.06070231088246804
2955	0.060673414004068685
2956	0.06064437379081712
2957	0.06061578665678222
2958	0.0605870076530361
2959	0.06055799084783842
2960	0.060529442164245245
2961	0.06050069523368107
2962	0.060472000488806354
2963	0.06044338300088944
2964	0.0604145158823302
2965	0.06038609970998282
2966	0.060357486187318087
2967	0.06032897182660661
2968	0.06030021143284855
2969	0.06027193239705407
2970	0.060243412834557544
2971	0.06021474650717047
2972	0.060186548082749515
2973	0.06015792293051195
2974	0.06012971081022745
2975	0.06010140321540844
2976	0.0600730888806524
2977	0.06004478100622927
2978	0.06001627368510471
2979	0.05998825383969833
2980	0.05995978069708297
2981	0.05993181029714301
2982	0.059903413737096504
2983	0.059875470512602974
2984	0.05984736483802758
2985	0.059819241279087505
2986	0.05979113333779695
2987	0.059763143133151356
2988	0.0597351157017952
2989	0.059707129856656806
2990	0.059679106344844586
2991	0.05965120119903738
2992	0.059623218635160014
2993	0.0595953516717555
2994	0.05956749544104867
2995	0.05953942293040061
2996	0.05951184273629193
2997	0.05948381560754422
2998	0.05945604575092926
2999	0.05942830208107366
